Playtest: the ship flown through the six axes a player has (M5P).

  time  leg          height m  speed m/s  ahead  spin deg/s  hull  frame ms   fog   ice  nose  nozzles
    1.0 hover             44.1        0.0     -0.0         0.0  1.00      24.9  0.00  0.00   -0.0 met
    2.0 hover             44.1        0.0     -0.0         0.0  1.00      12.1  0.00  0.00   -0.0 met
    3.4 hover             44.6        2.6     -0.0         0.0  1.00     400.0  0.00  0.00   -0.0 met
    4.4 hover             45.3        0.0     -0.0         0.0  1.00      39.2  0.00  0.00   -0.0 met
    5.4 hover             45.3        0.0     -0.0         0.0  1.00      13.1  0.00  0.00   -0.0 met
    6.4 climb             48.1       13.0     -0.0         0.0  1.00      17.2  0.00  0.00   -0.0 SHORT
    7.5 climb             77.9       38.7     -0.0         0.0  1.00      25.8  0.00  0.00    0.0 met
    8.5 climb            117.8       40.0     -0.0         0.0  1.00      17.8  0.00  0.00    0.0 met
    9.5 climb            159.2       40.0     -0.0         0.0  1.00      52.8  0.00  0.00    0.0 met
   10.5 climb            199.6       40.0     -0.0         0.0  1.00      33.3  0.00  0.00    0.0 met
   11.5 climb            240.3       40.0     -0.0         0.0  1.00      17.6  0.00  0.00    0.0 met
   12.5 climb            280.8       40.0     -0.0         0.0  1.00      18.7  0.00  0.00    0.0 met
   13.5 climb            321.2       40.0     -0.0         0.0  1.00      17.6  0.00  0.00    0.0 met
   14.6 climb            361.9       40.0     -0.0         0.0  1.00      18.9  0.00  0.00    0.0 met
   15.6 climb            402.3       40.0     -0.0         0.0  1.00       8.8  0.00  0.00    0.0 met
   16.6 climb            442.4       40.0     -0.0         0.0  1.00       6.7  0.00  0.00    0.0 met
   17.6 climb            482.8       40.0     -0.0         0.0  1.00       9.6  0.00  0.00    0.0 met
   18.6 climb            522.8       40.0     -0.0         0.0  1.00       8.3  0.00  0.00    0.0 met
   19.6 climb            563.5       40.0     -0.0         0.0  1.00      15.9  0.00  0.00    0.0 met
   20.6 climb            603.5       40.0     -0.0         0.0  1.00       8.6  0.00  0.00    0.0 met
   21.6 climb            643.5       40.0     -0.0         0.0  1.00       8.1  0.00  0.00    0.0 met
   22.6 climb            683.8       40.0     -0.0         0.0  1.00       8.4  0.00  0.00    0.0 met
   23.6 climb            724.2       40.0     -0.0         0.0  1.00       8.1  0.00  0.00    0.0 met
   24.6 climb            764.5       40.0     -0.0         0.0  1.00       8.8  0.00  0.00    0.0 met
   25.6 climb            804.5       40.0     -0.0         0.0  1.00       7.6  0.00  0.00    0.0 met
   26.6 climb            844.9       40.0     -0.0         0.0  1.00       8.2  0.00  0.00    0.0 met
   27.6 climb            884.9       40.0     -0.0         0.0  1.00       8.5  0.00  0.00    0.0 met
   28.6 climb            924.9       40.0     -0.0         0.0  1.00       8.5  0.00  0.00    0.0 met
   29.6 climb            965.2       40.0     -0.0         0.0  1.00       8.4  0.00  0.00    0.0 met
   30.6 climb           1005.2       40.0     -0.0         0.0  1.00       8.2  0.00  0.00    0.0 met
   31.6 forward         1040.6       51.8     51.2         0.0  1.00       7.9  0.00  0.00    0.0 SHORT
   32.6 forward         1067.0      137.5    137.5         0.0  1.00      12.9  0.00  0.00    0.0 met
   33.6 forward         1098.6      149.7    149.7         0.0  1.00      11.7  0.00  0.00    0.0 met
   34.6 forward         1123.1      149.9    149.9         0.0  1.00      14.9  0.00  0.00    0.0 met
   35.7 forward         1162.9      149.9    149.9         0.0  1.00      20.7  0.00  0.00    0.0 met
   36.7 forward         1219.6      149.9    149.9         0.0  1.00      40.9  0.00  0.00    0.0 met
   37.7 forward         1297.3      149.9    149.9         0.0  1.00      26.1  0.00  0.00    0.0 met
   38.7 forward         1346.9      149.9    149.9         0.0  1.00      20.4  0.00  0.00    0.0 met
   39.7 forward         1416.6      149.9    149.9         0.0  1.00      15.2  0.00  0.00    0.0 met
   40.7 forward         1479.8      149.9    149.9         0.0  1.00      16.0  0.00  0.00    0.0 met
   41.7 turn            1524.6      149.9    149.8         7.9  1.00      19.5  0.00  0.00    0.0 met
   42.7 turn            1624.1      149.8    149.7         8.0  1.00      20.2  0.00  0.00    0.0 met
   43.7 turn            1674.3      149.8    149.7         8.0  1.00      15.4  0.00  0.00    0.0 met
   44.7 turn            1800.3      149.8    149.7         8.0  1.00      18.4  0.00  0.00    0.0 met
   45.7 turn            1894.4      149.8    149.7         8.0  1.00      16.2  0.00  0.00    0.0 met
   46.8 turn            1884.4      149.8    149.7         8.0  1.00      19.3  0.00  0.00    0.0 met
   47.8 turn            1704.5      148.4    148.3         8.1  1.00      18.9  0.00  0.00    0.0 met
   48.8 turn            1616.3      148.9    148.8         8.0  1.00      20.8  0.00  0.00    0.0 met
   49.8 cruise          1805.1      211.0    211.0         0.0  1.00      37.5  0.00  0.00    0.0 SHORT
   50.8 cruise          1872.2      289.8    289.8         0.0  1.00      22.0  0.00  0.00    0.0 met
   51.8 cruise          2100.8      299.5    299.5         0.0  1.00      29.3  0.00  0.00    0.0 met
   52.8 cruise          2076.0      299.6    299.6         0.0  1.00      30.1  0.00  0.00    0.0 met
   53.9 cruise          2095.9      299.6    299.6         0.0  1.00      43.2  0.00  0.00    0.0 met
   54.9 cruise          2103.5      299.6    299.6         0.0  1.00      23.8  0.00  0.00    0.1 met
   55.9 cruise          2103.3      299.6    299.6         0.0  1.00      22.6  0.00  0.00    0.1 met
   56.9 cruise          2099.8      299.7    299.7         0.0  1.00       4.5  0.00  0.00    0.1 met
   57.9 cruise          2095.6      299.6    299.6         0.0  1.00      17.2  0.00  0.00    0.1 met
   58.9 cruise          2096.6      299.7    299.7         0.0  1.00      14.7  0.00  0.00    0.1 met
   59.9 roll-right      2100.9      278.6    278.6        44.9  1.00      13.4  0.00  0.00    0.1 SHORT
   60.9 roll-right      1678.8      259.2    259.1        45.1  1.00      16.8  0.00  0.00    0.1 SHORT
   61.9 roll-right      1519.8      240.5    240.3        45.0  1.00      57.7  0.00  0.00    0.1 SHORT
   62.9 roll-left       1815.9      216.3    216.3        44.9  1.00      15.0  0.00  0.00    0.1 SHORT
   64.0 roll-left       1843.1      193.2    193.2        45.0  1.00      27.7  0.00  0.00    0.1 SHORT
   65.0 roll-left       2102.6      168.5    168.5        45.0  1.00      24.1  0.00  0.00    0.1 SHORT
   66.0 strafe          2107.5      149.9    148.5         0.0  1.00      12.5  0.00  0.00    0.1 SHORT
   67.0 strafe          2107.5      126.7    124.4         0.0  1.00      19.2  0.00  0.00    0.1 SHORT
   68.0 strafe          2105.7      104.4    101.6         0.0  1.00      27.1  0.00  0.00    0.1 SHORT
   69.0 strafe          2108.9       81.3     77.7         0.0  1.00       7.0  0.00  0.00    0.1 SHORT
   70.0 strafe          2103.8       58.4     53.2         0.0  1.00      22.4  0.00  0.00    0.1 SHORT
   71.0 pitch-down      2081.2       88.9     88.7        13.6  1.00      19.4  0.00  0.00  -12.2 met
   72.0 pitch-down      2063.1       89.6     89.3        13.3  1.00      27.9  0.00  0.00  -25.6 met
   73.1 pitch-down      2035.6       89.9     89.7        13.3  1.00      17.8  0.00  0.00  -39.1 met
   74.1 pitch-up        1984.4       89.9     89.7        13.2  1.00      15.9  0.00  0.00  -30.0 met
   75.1 pitch-up        1789.9       86.0     86.0        13.7  1.00      19.0  0.00  0.00  -16.5 SHORT
   76.1 pitch-up        1537.5       81.8     81.8        15.0  1.00       6.3  0.00  0.00   -1.8 met
   77.1 let-go          1515.2       59.9     59.9         0.0  1.00      15.9  0.00  0.00    0.7 SHORT
   78.1 let-go          1509.0       34.7     34.7         0.0  1.00       9.9  0.00  0.00    0.7 SHORT
   79.1 let-go          1501.3        9.0      9.0         0.0  1.00       7.3  0.00  0.00    0.7 SHORT
   80.1 let-go          1499.7        0.2      0.2         0.0  1.00       7.4  0.00  0.00    0.7 met
   81.1 let-go          1499.6        0.0      0.0         0.0  1.00       7.2  0.00  0.00    0.7 met
   82.1 let-go          1500.0        0.1      0.0         0.0  1.00       7.5  0.00  0.00    0.7 met
   83.1 let-go          1500.0        0.0      0.0         0.0  1.00       7.5  0.00  0.00    0.7 met
   84.1 let-go          1500.0        0.0      0.0         0.0  1.00       8.2  0.00  0.00    0.7 met
   85.1 let-go          1500.0        0.0      0.0         0.0  1.00       8.0  0.00  0.00    0.7 met
   86.1 reverse         1500.0        0.2     -0.2         0.0  1.00       7.2  0.00  0.00    0.7 SHORT
   87.1 reverse         1505.7       25.7    -25.7         0.0  1.00       7.1  0.00  0.00    0.7 SHORT
   88.3 reverse         1518.6       39.8    -39.8         0.0  1.00     216.8  0.00  0.00    0.7 met
   89.3 reverse         1506.5       40.0    -40.0         0.0  1.00       7.7  0.00  0.00    0.7 met
   90.3 descend         1519.6       23.0    -20.1         0.0  1.00       5.4  0.00  0.00    0.7 met
   91.3 descend         1506.6       19.9     -0.4         0.0  1.00       8.1  0.00  0.00    0.7 met
   92.3 descend         1486.6       20.0     -0.0         0.0  1.00       7.6  0.00  0.00    0.7 met
   93.4 descend         1466.5       20.0     -0.0         0.0  1.00       7.5  0.00  0.00    0.7 met
   94.4 descend         1448.0       19.2     -0.0         0.0  1.00      26.7  0.00  0.00    0.7 met
   95.4 descend         1427.6       20.0     -0.0         0.0  1.00      12.3  0.00  0.00    0.7 met
   96.4 descend         1407.4       20.0     -0.0         0.0  1.00       7.1  0.00  0.00    0.7 met
   97.4 descend         1387.3       20.0     -0.0         0.0  1.00       7.3  0.00  0.00    0.7 met
   98.4 hover-end       1368.2       10.7     -0.0         0.0  1.00       7.3  0.00  0.00    0.7 SHORT
   99.4 hover-end       1365.6        0.2     -0.0         0.0  1.00       7.0  0.00  0.00    0.7 met
  100.4 hover-end       1365.6        0.0     -0.0         0.0  1.00       7.3  0.00  0.00    0.7 met
  101.4 hover-end       1365.6        0.0     -0.0         0.0  1.00       7.3  0.00  0.00    0.7 met
  102.4 hover-end       1365.8        0.7     -0.0         0.0  1.00       7.7  0.00  0.00    0.7 met
  103.4 hover-end       1366.0        0.0     -0.0         0.0  1.00       7.5  0.00  0.00    0.7 met
  104.4 hover-end       1366.0        0.0     -0.0         0.0  1.00       7.4  0.00  0.00    0.7 met
  105.4 hover-end       1366.0        0.0     -0.0         0.0  1.00       7.4  0.00  0.00    0.7 met
  106.4 random-01       1363.8       13.1      0.3        15.2  1.00       7.4  0.00  0.00   -2.3 met
  107.4 random-01       1347.4       19.8     14.3        37.9  1.00       8.0  0.00  0.00  -18.1 SHORT
  108.4 random-01       1310.5      103.8    103.7        54.7  1.00      19.3  0.00  0.00  -18.7 SHORT
  109.5 random-01       1188.0      162.7    161.9         8.0  1.00      17.3  0.00  0.00  -18.6 SHORT
  110.5 random-01       1123.8      171.2    171.1        31.2  1.00      34.7  0.00  0.00  -21.4 met
  111.5 random-01        932.3      154.4    152.4        85.4  1.00      25.5  0.00  0.00  -18.5 SHORT
  112.5 random-01        629.5      138.0    132.7        77.7  1.00      31.0  0.00  0.00  -16.7 SHORT
  113.5 random-01        427.4      120.5    113.2        50.0  1.00      23.3  0.00  0.00  -16.7 SHORT
  114.5 random-01        289.4      102.1     92.9        21.6  1.00      19.2  0.00  0.00  -16.6 SHORT
  115.5 random-01        192.2       82.7     71.7         2.1  1.00      16.4  0.00  0.00  -15.7 SHORT
  116.5 random-01        148.2       61.8     49.2        30.6  1.00      20.7  0.00  0.00  -15.3 SHORT
  117.5 random-01        123.6       37.3     26.9        39.8  1.00      26.7  0.00  0.00  -14.1 SHORT
  118.6 random-01        111.3        6.4      5.7        67.2  1.00      29.6  0.00  0.00   -5.6 SHORT
  119.6 random-01        112.9        6.6      6.2        35.4  1.00      18.1  0.00  0.00  -14.4 SHORT
  120.6 random-01         99.4       21.7     20.9        75.7  1.00       9.6  0.00  0.00  -26.9 met
  121.6 random-01        105.7       12.4      4.7         9.3  1.00      10.1  0.00  0.00  -27.0 SHORT
  122.6 random-01        110.6       16.3    -10.7         9.3  1.00       9.2  0.00  0.00  -35.8 met
  123.6 random-01        112.2       37.9     35.5        39.7  1.00      12.0  0.00  0.00  -48.5 SHORT
  124.6 random-01         94.7       72.6     60.8        31.7  1.00      24.0  0.00  0.00  -49.9 SHORT
  125.6 random-01         73.9       78.8     70.9        15.2  1.00       9.7  0.00  0.00  -49.9 SHORT
  126.6 random-01         64.6      120.6    117.3        10.6  1.00      20.1  0.00  0.00  -49.3 SHORT
  127.6 random-01         69.5      179.9    178.9         1.1  1.00      36.2  0.00  0.00  -47.1 SHORT
  128.6 random-01         66.1      165.8    162.5         7.1  1.00      28.0  0.00  0.00  -46.7 SHORT
  129.7 random-01         78.0      181.1    180.7         0.0  1.00      28.3  0.00  0.00  -46.5 SHORT
  130.7 random-01         73.5      180.3    180.3         0.1  1.00      25.3  0.00  0.00  -46.5 SHORT
  131.7 random-02         66.8      171.5    170.4         6.8  1.00      17.1  0.00  0.00  -44.9 SHORT
  132.7 random-02         62.7      158.1    154.2         6.5  1.00      17.8  0.00  0.00  -42.3 SHORT
  133.7 random-02         39.8      144.3    138.9         8.1  1.00      19.1  0.00  0.00  -48.6 SHORT
  134.7 random-02          2.9      128.0    121.1         3.8  1.00      18.7  0.00  0.00  -55.0 SHORT
  135.7 random-02          2.6       56.9     38.2         7.8  1.00      18.0  0.00  0.00  -55.3 SHORT
  136.7 random-02          1.4        1.3      0.7        59.7  1.00      18.1  0.00  0.00  -58.9 SHORT
  137.7 random-02          1.4        3.7      3.2        60.5  1.00       9.2  0.00  0.00  -27.3 SHORT
  138.7 random-02          1.6       10.5      0.6         6.2  1.00      15.9  0.00  0.00    2.0 SHORT
  139.8 random-02          4.0       37.3     -7.5         0.0  1.00      19.2  0.00  0.00    2.4 met
  140.8 random-02          3.0       35.9     20.4        47.7  1.00      20.7  0.00  0.00   22.7 SHORT
  141.8 random-02         42.5       91.0     89.5        35.4  1.00      19.2  0.00  0.00   44.5 SHORT
  142.8 random-02        103.6      161.8    161.2         8.1  1.00      53.4  0.00  0.00   49.8 SHORT
  143.8 random-02        157.5      220.7    220.2         5.5  1.00      16.4  0.00  0.00   51.9 met
  144.8 random-02        168.5      209.6    209.3         5.6  1.00      19.4  0.00  0.00   52.9 SHORT
  145.8 random-02        140.4      178.7    174.7         6.5  1.00      32.1  0.00  0.00   53.3 SHORT
  146.8 random-02         95.1      149.5    142.9        51.1  1.00      35.9  0.00  0.00   53.5 SHORT
  147.8 random-02         91.6      110.7    107.1        56.4  1.00      35.5  0.00  0.00   51.3 SHORT
  148.9 random-02         73.6       74.2     72.0        57.5  1.00      38.8  0.00  0.00   39.3 SHORT
  149.9 random-02         35.0       53.0     37.3         5.3  1.00      37.8  0.00  0.00   33.1 SHORT
  150.9 random-02          1.4        2.1      0.5         5.5  1.00      24.4  0.00  0.00   38.7 SHORT
  151.9 random-02          1.4        2.7      1.0        16.8  1.00      23.4  0.00  0.00   42.0 SHORT
  152.9 random-02          1.4       18.7      1.7        25.0  1.00       8.7  0.00  0.00   19.5 SHORT
  153.9 random-02          8.6       27.7     -9.1        67.1  1.00      11.3  0.00  0.00   12.1 SHORT
  154.9 random-02         40.4       35.6     33.4        36.7  1.00       8.9  0.00  0.00   41.0 SHORT
  155.9 random-02         40.0       81.1     78.5        27.8  1.00      13.0  0.00  0.00   54.1 SHORT
  156.9 random-03         74.2       69.8     69.8        16.1  1.00       8.7  0.00  0.00   61.1 SHORT
  158.0 random-03        104.7       82.9     82.9        84.9  1.00       9.9  0.00  0.00   67.1 SHORT
  159.0 random-03        150.3       69.8     65.6        67.4  1.00      11.2  0.00  0.00   63.3 SHORT
  160.0 random-03        213.3       39.5     29.5        51.3  1.00      11.8  0.00  0.00   59.8 SHORT
  161.0 random-03        266.0       12.5      0.5        43.6  1.00      27.1  0.00  0.00   65.3 SHORT
  162.0 random-03        259.3        8.3     -5.1        51.9  1.00       7.9  0.00  0.00   56.5 met
  163.0 random-03        241.2       22.3      2.8        85.4  1.00      12.7  0.00  0.00   63.3 met
  164.0 random-03        199.2       37.4      4.1        23.7  1.00      19.1  0.00  0.00   49.3 met
  165.0 random-03        127.3       39.7      3.8        22.9  1.00       8.7  0.00  0.00   27.8 met
  166.0 random-03         44.5       39.8      3.2        15.3  1.00       9.0  0.00  0.00    8.1 met
  167.0 random-03          1.4        0.0      0.0        14.8  1.00       9.5  0.00  0.00   -3.8 met
  168.0 random-03         35.3       32.6     22.2        43.6  1.00       9.7  0.00  0.00   -7.3 SHORT
  169.0 random-03          1.4        6.4      4.0        36.3  1.00      12.3  0.00  0.00  -29.0 SHORT
  170.0 random-03          1.4        1.9      0.0        48.3  1.00       7.2  0.00  0.00  -69.1 SHORT
  171.0 random-03          1.4        2.6      0.0        39.2  1.00       8.5  0.00  0.00  -77.7 SHORT
  172.0 random-03          5.8       25.5    -10.1        55.3  1.00       7.6  0.00  0.00  -68.6 SHORT
  173.0 random-03         14.4       19.8    -18.1        17.5  1.00      14.9  0.00  0.00  -65.9 met
  174.0 random-03         42.5        4.8     -4.6        42.1  1.00      11.7  0.00  0.00  -50.3 met
  175.0 random-03         44.6        0.1     -0.1        44.7  1.00      19.1  0.00  0.00   -9.6 met
  176.1 random-03         44.4        8.1     -0.0         4.8  1.00      10.4  0.00  0.00   24.4 met
  177.1 random-03         45.1       28.3      0.0         0.1  1.00      11.1  0.00  0.00   24.8 met
  178.1 random-03         55.7       38.4     -0.0         0.0  1.00       8.3  0.00  0.00   24.8 met
  179.1 random-03         62.8       30.7     -5.0        61.1  1.00       9.1  0.00  0.00   20.6 SHORT
  180.1 random-03         15.7       38.5     -0.9        62.3  1.00      10.7  0.00  0.00   16.0 SHORT
  181.1 random-03         22.3        9.4     -2.9        24.0  1.00       9.7  0.00  0.00   21.3 met
  182.1 random-04         16.3       21.8     -1.9        65.4  1.00       9.3  0.00  0.00   24.1 SHORT
  183.1 random-04          9.0       14.6    -12.7        88.5  1.00       8.6  0.00  0.00    2.3 met
  184.1 random-04         44.1       20.7    -18.4        89.3  1.00      11.3  0.00  0.00   -6.9 met
  185.1 random-04         57.7       24.1     -0.9        75.7  1.00       9.1  0.00  0.00   24.2 SHORT
  186.1 random-04          1.4        1.7      1.0        34.4  1.00       7.1  0.00  0.00   54.8 SHORT
  187.1 random-04          1.6       11.6     -0.3        35.0  1.00      10.5  0.00  0.00   63.9 SHORT
  188.1 random-04         17.8       35.5     35.1        40.4  1.00       9.2  0.00  0.00   47.6 SHORT
  189.1 random-04        144.1      114.9    114.6        30.8  1.00      19.5  0.00  0.00   28.2 SHORT
  190.1 random-04        330.0      151.2    149.4         7.8  1.00      31.0  0.00  0.00   21.2 SHORT
  191.1 random-04        478.8      119.9    116.3         9.5  1.00      16.0  0.00  0.00   17.3 SHORT
  192.1 random-04        568.0       91.9     85.6        12.6  1.00      31.0  0.00  0.00   11.9 SHORT
  193.1 random-04        641.6       71.0     59.3        16.1  1.00      24.0  0.00  0.00    4.6 SHORT
  194.1 random-04        750.1       93.4     90.2        13.6  1.00      22.4  0.00  0.00   -2.0 SHORT
  195.2 random-04        941.3      126.8    126.7         1.0  1.00      37.1  0.00  0.00   -3.6 SHORT
  196.2 random-04       1090.1      102.9    102.9         0.8  1.00      28.5  0.00  0.00   -4.0 SHORT
  197.2 random-04       1202.5       81.8     81.6        18.2  1.00      10.8  0.00  0.00   -4.5 SHORT
  198.2 random-04       1309.9       64.0     56.3        41.2  1.00      12.2  0.00  0.00  -15.3 SHORT
  199.2 random-04       1330.5       40.2     36.0        60.4  1.00       9.1  0.00  0.00    0.0 SHORT
  200.2 random-04       1317.1       21.5     10.5        60.4  1.00      11.7  0.00  0.00   11.0 SHORT
  201.2 random-04       1304.5        9.7     -2.8        42.3  1.00      11.7  0.00  0.00    3.3 SHORT
  202.2 random-04       1296.8       27.2     -1.4        40.1  1.00       9.1  0.00  0.00   -1.8 met
  203.2 random-04       1262.3       28.2     -4.4        22.8  1.00      14.6  0.00  0.00    2.8 SHORT
  204.2 random-04       1231.8       43.1    -31.5         7.6  1.00      11.8  0.00  0.00   -3.1 SHORT
  205.2 random-04       1207.1        5.3     -3.5        76.7  1.00       9.5  0.00  0.00  -15.4 SHORT
  206.2 random-05       1211.0        4.6      0.8        72.8  1.00       9.4  0.00  0.00    1.1 SHORT
  207.2 random-05       1201.4       14.7      1.6        82.0  1.00       8.5  0.00  0.00  -20.1 met
  208.2 random-05       1202.7       45.4     44.6        82.4  1.00      11.3  0.00  0.00  -32.9 SHORT
  209.3 random-05       1213.9      140.3    139.8        77.0  1.00      25.6  0.00  0.00  -48.4 SHORT
  210.3 random-05       1192.1      142.6    142.6        11.0  1.00      33.0  0.00  0.00  -51.9 SHORT
  211.3 random-05       1075.4      126.2    124.7        48.0  1.00      30.9  0.00  0.00  -52.0 SHORT
  212.3 random-05        968.4      114.6    107.0        10.3  1.00      18.2  0.00  0.00  -56.7 SHORT
  213.3 random-05        859.4      140.5    138.6        39.3  1.00      18.9  0.00  0.00  -63.6 SHORT
  214.3 random-05        727.5      140.0    139.5        61.3  1.00      17.6  0.00  0.00  -71.4 SHORT
  215.3 random-05        600.1      136.4    132.2        61.8  1.00      19.6  0.00  0.00  -72.1 SHORT
  216.3 random-05        490.7      128.5    122.2        12.0  1.00      34.8  0.00  0.00  -66.2 SHORT
  217.4 random-05        392.4      113.1    102.7        10.3  1.00      35.4  0.00  0.00  -72.9 SHORT
  218.4 random-05        309.9       91.3     80.9        78.8  1.00      29.5  0.00  0.00  -82.7 SHORT
  219.4 random-05        241.8       76.6     61.8        79.3  1.00      21.5  0.00  0.00  -75.4 SHORT
  220.4 random-05        181.5       62.5     46.2        62.5  1.00      20.6  0.00  0.00  -74.0 SHORT
  221.4 random-05        137.9       52.7     36.4         1.1  1.00      20.5  0.00  0.00  -84.3 SHORT
  222.4 random-05        107.8       44.2     20.5         0.0  1.00      16.2  0.00  0.00  -84.3 SHORT
  223.4 random-05         93.0       28.5      5.5         3.1  1.00      14.4  0.00  0.00  -84.3 SHORT
  224.4 random-05         76.6       35.9      4.1        52.8  1.00      15.4  0.00  0.00  -52.8 SHORT
  225.4 random-05         65.2       33.7      1.8        56.4  1.00      26.7  0.00  0.00  -53.6 SHORT
  226.4 random-05         45.5       42.2     22.1        29.7  1.00      12.2  0.00  0.00  -50.7 SHORT
  227.5 random-05         32.4       53.4     44.6        25.5  1.00      23.6  0.00  0.00  -31.2 SHORT
  228.5 random-05         24.0       50.1     41.5        48.4  1.00      51.9  0.00  0.00  -11.3 SHORT
  229.5 random-05         22.8       20.6     15.3        50.1  1.00      21.6  0.00  0.00   12.8 SHORT
  230.5 random-05         14.1       31.8      2.4        42.1  1.00      16.6  0.00  0.00   26.0 met
  231.5 random-06          5.2       34.2     31.5        32.8  1.00      13.9  0.00  0.00   29.2 SHORT
  232.5 random-06         49.5       77.8     71.8        15.6  1.00      24.0  0.00  0.00   48.6 met
  233.6 random-06         95.6       53.6     51.9        21.7  1.00      22.8  0.00  0.00   55.1 SHORT
  234.6 random-06        121.4       29.8     20.2        26.7  1.00      12.5  0.00  0.00   50.1 SHORT
  235.6 random-06        103.5       45.3      4.0        26.6  1.00      13.4  0.00  0.00   23.0 met
  236.6 random-06         70.5       47.7      3.0        25.0  1.00      13.0  0.00  0.00   -1.7 met
  237.6 random-06         40.6       41.0     -0.6        44.4  1.00      14.0  0.00  0.00    1.2 SHORT
  238.6 random-06         26.4       40.3      1.8        45.8  1.00      14.5  0.00  0.00   18.1 SHORT
  239.6 random-06          1.6       40.6     -3.7        84.9  1.00      11.5  0.00  0.00   26.2 met
  240.6 random-06         11.8       56.2     56.0        28.2  1.00      12.7  0.00  0.00   16.0 SHORT
  241.6 random-06         26.3      119.8    119.7        14.0  1.00      35.7  0.00  0.00   -0.2 SHORT
  242.6 random-06         18.0      116.3    115.8        41.4  1.00      28.0  0.00  0.00   -1.5 SHORT
  243.6 random-06          1.5       34.8     34.7        65.1  1.00      21.5  0.00  0.00   -3.4 SHORT
  244.6 random-06          1.4        1.3     -0.2        65.1  1.00      22.3  0.00  0.00   -4.0 SHORT
  245.7 random-06          4.7       15.6      0.9        94.4  1.00      19.7  0.00  0.00    4.5 SHORT
  246.7 random-06         29.4       20.4     -8.4        40.3  1.00      23.4  0.00  0.00  -10.7 SHORT
  247.7 random-06         35.7       29.4    -29.3        55.4  1.00      11.6  0.00  0.00  -11.1 SHORT
  248.7 random-06         40.9       34.8    -34.8        55.4  1.00      18.3  0.00  0.00  -11.1 met
  249.7 random-06         49.3       10.3    -10.0        95.2  1.00      16.9  0.00  0.00   -9.1 met
  250.7 random-06         51.0        3.5     -3.4        97.4  1.00      15.7  0.00  0.00  -37.9 met
  251.7 random-06         50.6       12.7      9.9        11.4  1.00      34.5  0.00  0.00  -64.8 SHORT
  252.7 random-06         36.5       37.0      9.7        81.0  1.00      14.5  0.00  0.00  -61.3 SHORT
  253.7 random-06         12.0       47.8     -0.3        19.6  1.00      13.1  0.00  0.00  -43.7 met
  254.7 random-06          5.0       33.9    -16.3        22.3  1.00      24.1  0.00  0.00  -61.7 SHORT
  255.7 random-06         18.9       40.4    -24.4        45.0  1.00      16.0  0.00  0.00  -67.1 SHORT
  256.7 random-07         28.4       23.2      4.9        26.2  1.00      18.4  0.00  0.00  -56.0 SHORT
  257.7 random-07         11.1       37.8      4.8        26.5  1.00      14.5  0.00  0.00  -33.9 met
  258.8 random-07          1.4        0.4     -0.3        21.5  1.00      12.7  0.00  0.00  -36.3 SHORT
  259.8 random-07          1.4        2.1     -0.9        36.7  1.00       8.7  0.00  0.00  -36.3 SHORT
  260.8 random-07          1.4        0.6     -0.4         7.8  1.00       8.9  0.00  0.00  -36.4 met
  261.8 random-07          1.4        0.9     -0.7         8.2  1.00       7.5  0.00  0.00  -38.8 met
  262.8 random-07          1.4        3.6      2.8        79.7  1.00      17.1  0.00  0.00  -36.9 SHORT
  263.8 random-07          3.1       13.6     13.0        52.5  1.00      11.8  0.00  0.00   13.6 SHORT
  264.8 random-07          6.2       10.0     -0.6        74.3  1.00      11.9  0.00  0.00   13.6 met
  265.8 random-07          1.4        1.0      0.7        74.3  1.00       8.0  0.00  0.00   35.2 met
  266.8 random-07          1.4        3.4      0.1         9.8  1.00       8.0  0.00  0.00   51.4 SHORT
  267.8 random-07          1.4        2.7      0.1         0.0  1.00       9.1  0.00  0.00   51.4 SHORT
  268.8 random-07          1.4        2.6      0.1         0.0  1.00       7.8  0.00  0.00   51.4 SHORT
  269.8 random-07          1.4        1.2      0.6        63.9  1.00       8.4  0.00  0.00   54.6 SHORT
  270.8 random-07          1.4        1.4      0.3        66.8  1.00       7.8  0.00  0.00   65.3 SHORT
  271.8 random-07          4.6       16.1     -0.7        66.8  1.00       7.6  0.00  0.00   61.9 SHORT
  272.8 random-07         20.6       33.8      3.2        53.8  1.00       9.0  0.00  0.00   73.4 met
  273.8 random-07         19.6       41.8      3.9        53.9  1.00      12.5  0.00  0.00   58.1 SHORT
  274.8 random-07          3.8       37.6     -4.2        36.0  1.00      13.2  0.00  0.00   55.4 SHORT
  275.8 random-07          1.4        2.8      1.6        13.3  1.00       8.1  0.00  0.00   55.9 SHORT
  276.8 random-07          1.4        0.8     -0.7        30.1  1.00      10.1  0.00  0.00   54.9 SHORT
  277.8 random-07          1.4        1.4     -1.4        56.2  1.00      11.9  0.00  0.00   12.2 SHORT
  278.9 random-07          2.7       11.2     10.3        44.4  1.00      15.9  0.00  0.00  -37.7 SHORT
  279.9 random-07          1.4        2.9      0.7        46.0  1.00      19.1  0.00  0.00  -73.7 SHORT
  280.9 random-07          1.4        2.2     -0.1        11.0  1.00      14.3  0.00  0.00  -72.8 SHORT
  281.9 random-08          1.4        1.2     -0.5        69.8  1.00      11.2  0.00  0.00  -49.0 SHORT
  282.9 random-08          1.4        1.2     -0.0        70.0  1.00      10.1  0.00  0.00  -11.8 SHORT
  283.9 random-08          3.3       45.5     45.4         0.2  1.00      12.0  0.00  0.00   -4.0 SHORT
  284.9 random-08          8.6       24.0     23.1        28.0  1.00      19.7  0.00  0.00    0.6 SHORT
  285.9 random-08          9.2        6.8      0.3        29.8  1.00      10.4  0.00  0.00   19.8 met
  286.9 random-08         11.3       21.8     19.4        43.2  1.00      11.4  0.00  0.00   26.7 SHORT
  287.9 random-08         49.7       83.6     76.7        24.6  1.00      18.0  0.00  0.00    3.7 SHORT
  288.9 random-08         52.7       53.1     51.8        71.8  1.00      15.9  0.00  0.00    1.8 SHORT
  289.9 random-08         51.9       87.3     87.1        14.2  1.00      14.1  0.00  0.00   -0.8 SHORT
  291.0 random-08         39.6      118.0    117.7        14.2  1.00      40.2  0.00  0.00   -2.1 SHORT
  292.0 random-08         25.3      117.9    117.7         1.4  1.00      34.3  0.00  0.00   -2.6 SHORT
  293.0 random-08         25.8       96.2     94.7        69.7  1.00      22.5  0.00  0.00   -2.6 SHORT
  294.0 random-08         44.4       77.4     71.6        77.5  1.00      19.3  0.00  0.00   -2.7 SHORT
  295.0 random-08          2.0        4.1     -3.0        43.5  1.00       9.0  0.00  0.00   -2.7 SHORT
  296.0 random-08          1.5        2.8     -1.5        22.6  1.00      10.9  0.00  0.00   -2.7 SHORT
  297.0 random-08         23.1       20.8    -19.0        30.4  1.00      14.4  0.00  0.00   -3.0 SHORT
  298.1 random-08         32.8       23.1     -7.9        52.9  1.00      12.5  0.00  0.00   -2.6 SHORT
  299.1 random-08         34.5        9.9      1.2        53.3  1.00      11.2  0.00  0.00   23.7 met
  300.1 random-08         45.7       10.5      2.1        53.3  1.00       8.7  0.00  0.00   45.0 met
  301.1 random-08         45.3        2.1      0.9        44.1  1.00      11.2  0.00  0.00   48.3 met
  302.1 random-08         45.3        0.0      0.0        44.1  1.00       8.6  0.00  0.00   35.2 met
  303.1 random-08         46.7       25.3     25.3        66.6  1.00      11.7  0.00  0.00    9.6 SHORT
  304.1 random-08         55.1       87.1     85.0        14.7  1.00      10.5  0.00  0.00   -1.5 SHORT
  305.1 random-08         46.6      117.3    117.1         3.1  1.00      46.1  0.00  0.00  -12.4 SHORT
  306.1 random-08          1.4        4.1      3.8         0.0  1.00      20.9  0.00  0.00  -12.8 SHORT
  307.1 random-09          2.5       18.3     18.3        53.2  1.00      27.1  0.00  0.00   -4.4 SHORT
  308.2 random-09         51.4      101.9    101.3        42.1  1.00      39.0  0.00  0.00   15.2 SHORT
  309.2 random-09         70.9       89.7     89.4        12.7  1.00      20.0  0.00  0.00   10.5 SHORT
  310.2 random-09         63.5       77.7     67.6        15.0  1.00      36.8  0.00  0.00   -3.6 SHORT
  311.2 random-09         37.1       62.6     43.4        61.0  1.00      23.6  0.00  0.00  -16.0 SHORT
  312.2 random-09         26.0       38.2     28.5        56.5  1.00      20.2  0.00  0.00  -17.6 SHORT
  313.2 random-09         25.6        4.7      2.3        91.0  1.00      11.3  0.00  0.00   19.3 met
  314.2 random-09         25.4        0.0      0.0        91.1  1.00      16.3  0.00  0.00    6.7 met
  315.2 random-09         18.0       26.0      4.2        90.8  1.00      18.3  0.00  0.00  -40.9 SHORT
  316.2 random-09          1.4        5.1      2.6        88.2  1.00      20.9  0.00  0.00  -29.4 SHORT
  317.2 random-09          1.4        3.3      2.2        39.7  1.00      16.3  0.00  0.00  -45.6 SHORT
  318.2 random-09          1.4        1.4      0.1        39.8  1.00      15.0  0.00  0.00  -84.9 SHORT
  319.2 random-09          1.4        2.8      1.5        39.8  1.00       7.0  0.00  0.00  -54.2 SHORT
  320.2 random-09          7.6       14.6    -14.6        27.7  1.00      12.2  0.00  0.00  -43.3 met
  321.2 random-09         14.4       10.1     -3.1         7.1  1.00       9.9  0.00  0.00  -34.7 SHORT
  322.2 random-09          1.4        2.6     -0.9         7.3  1.00      11.3  0.00  0.00  -34.7 SHORT
  323.2 random-09          1.5        4.0     -2.9        98.3  1.00      12.7  0.00  0.00  -53.2 SHORT
  324.2 random-09          9.3       12.7    -10.6        98.6  1.00      13.6  0.00  0.00  -79.4 met
  325.2 random-09         21.0       12.8    -10.7        98.6  1.00       6.4  0.00  0.00  -38.7 met
  326.3 random-09         36.2       32.0    -21.3        38.8  1.00      12.0  0.00  0.00  -32.5 SHORT
  327.3 random-09         62.7       16.9     -8.1        49.2  1.00      14.2  0.00  0.00  -16.7 SHORT
  328.3 random-09         54.5       34.1     -5.0        38.2  1.00       8.9  0.00  0.00   12.7 SHORT
  329.3 random-09         22.1       39.4     -4.7        34.8  1.00      10.8  0.00  0.00   33.2 met
  330.3 random-09          1.4        4.2      1.5        24.8  1.00      12.9  0.00  0.00   50.9 SHORT
  331.3 random-10         12.3       20.1     -3.8        22.0  1.00      13.2  0.00  0.00   38.1 SHORT
  332.3 random-10         11.6       15.5     -8.8         0.0  1.00      12.2  0.00  0.00   37.5 SHORT
  333.3 random-10          1.6       10.3     -3.8         0.1  1.00       8.6  0.00  0.00   37.5 SHORT
  334.3 random-10         14.7       71.8     65.7        20.6  1.00       9.5  0.00  0.00   37.5 SHORT
  335.3 random-10         74.1       94.4     93.5        11.9  1.00      25.1  0.00  0.00   36.7 SHORT
  336.3 random-10        133.2       75.0     71.6        26.7  1.00      14.9  0.00  0.00   32.8 SHORT
  337.4 random-10        195.9      157.2    156.3        56.8  1.00      71.8  0.00  0.00   29.3 SHORT
  338.4 random-10         70.9      138.9    136.6        57.3  1.00      39.6  0.00  0.00   26.2 SHORT
  339.4 random-10          1.8        4.0     -4.0        70.7  1.00      18.7  0.00  0.00   27.1 SHORT
  340.4 random-10          1.4        1.6     -1.0        44.2  1.00      22.6  0.00  0.00   11.1 SHORT
  341.4 random-10          3.1       15.6     -8.7        44.3  1.00      14.9  0.00  0.00  -10.6 SHORT
  342.4 random-10         32.9       27.6    -24.9        55.2  1.00      17.0  0.00  0.00  -15.3 SHORT
  343.4 random-10         99.7       28.2    -27.6        55.7  1.00      11.8  0.00  0.00  -15.3 SHORT
  344.4 random-10        174.7       33.9    -27.6        55.7  1.00      13.8  0.00  0.00  -15.3 met
  345.4 random-10        205.4        4.1     -1.2        83.9  1.00      13.2  0.00  0.00  -13.8 met
  346.4 random-10        207.3        3.7      0.1        83.9  1.00      13.4  0.00  0.00   -4.6 met
  347.5 random-10        205.4       12.1      0.1         1.2  1.00      16.3  0.00  0.00   -2.0 met
  348.5 random-10        226.3       19.9    -19.6        61.7  1.00      15.6  0.00  0.00  -41.4 SHORT
  349.5 random-10        278.4       28.7    -28.2        54.5  1.00      12.6  0.00  0.00  -74.7 met
  350.5 random-10        293.9       15.9     -4.6        19.2  1.00      15.1  0.00  0.00  -47.1 SHORT
  351.5 random-10        226.7       44.5     -0.1        49.5  1.00      14.6  0.00  0.00  -41.8 SHORT
  352.5 random-10        148.2       40.2      4.0        70.2  1.00      13.7  0.00  0.00  -63.6 SHORT
  353.5 random-10         47.1       44.1      7.1        69.2  1.00      12.0  0.00  0.00  -83.0 SHORT
  354.5 random-10          1.6       10.0     -0.1        69.5  1.00      20.7  0.00  0.00  -56.9 SHORT
  355.5 random-10          1.4        2.1     -0.0        70.6  1.00       9.9  0.00  0.00  -72.9 SHORT
  356.5 random-11          1.4        0.0     -0.0         3.3  1.00       6.6  0.00  0.00  -68.6 met
  357.5 random-11          1.4        0.0     -0.0         0.0  1.00       6.7  0.00  0.00  -68.2 met
  358.5 random-11          1.4        1.5     -0.5         9.4  1.00       7.1  0.00  0.00  -68.3 SHORT
  359.5 random-11          1.4        2.2     -0.7        25.1  1.00       7.0  0.00  0.00  -63.4 SHORT
  360.6 random-11          1.4        2.4      0.0        61.4  1.00      10.8  0.00  0.00  -54.9 SHORT
  361.6 random-11          1.9        2.6      0.1        14.9  1.00       8.5  0.00  0.00  -58.2 met
  362.6 random-11          2.1        0.1      0.0        14.9  1.00       8.1  0.00  0.00  -46.5 met
  363.6 random-11          2.1        0.1      0.0        14.9  1.00       9.8  0.00  0.00  -33.3 met
  364.6 random-11          1.4        4.3      3.5        28.5  1.00       9.0  0.00  0.00  -29.9 SHORT
  365.6 random-11          1.4        2.7      1.3        31.1  1.00      10.8  0.00  0.00  -56.4 SHORT
  366.6 random-11          1.5        4.2      1.8        31.1  1.00       7.9  0.00  0.00  -68.3 SHORT
  367.6 random-11          4.4       16.2      9.7        63.3  1.00       7.1  0.00  0.00  -54.3 SHORT
  368.6 random-11         49.9       34.7     19.3        38.8  1.00       8.9  0.00  0.00  -48.1 SHORT
  369.6 random-11         55.4       75.9     64.3        22.7  1.00      10.3  0.00  0.00  -51.7 SHORT
  370.6 random-11          1.4        4.3      3.9        50.2  1.00      16.6  0.00  0.00  -39.2 SHORT
  371.6 random-11          1.4        5.0      4.6        72.1  1.00      12.8  0.00  0.00  -13.9 SHORT
  372.6 random-11          1.4        7.2      6.5        72.9  1.00      14.0  0.00  0.00  -13.9 SHORT
  373.7 random-11          1.4        3.6      3.5        72.9  1.00      16.2  0.00  0.00  -13.9 SHORT
  374.7 random-11          1.4        4.0      3.4        10.9  1.00      17.1  0.00  0.00  -30.6 SHORT
  375.7 random-11          1.4        3.6      2.9         0.0  1.00      12.7  0.00  0.00  -31.0 SHORT
  376.7 random-11          4.5        9.1      0.0         5.9  1.00      14.9  0.00  0.00  -30.8 SHORT
  377.7 random-11         28.7       26.2      0.0        23.4  1.00      10.6  0.00  0.00  -13.9 met
  378.7 random-11         71.0       27.1     -0.1        23.4  1.00      13.2  0.00  0.00    6.2 met
  379.7 random-11        105.6        5.8      1.4        30.8  1.00      10.2  0.00  0.00   12.2 SHORT
  380.7 random-11         98.8        7.3     -0.9        31.2  1.00       8.8  0.00  0.00   -3.9 met
  381.7 random-12         92.3       20.5     -2.4        55.5  1.00       6.9  0.00  0.00  -34.0 SHORT
  382.7 random-12         92.0       29.2     -3.5        41.8  1.00       9.6  0.00  0.00  -71.1 met
  383.7 random-12         85.1       19.8     -2.7         7.9  1.00      21.3  0.00  0.00  -50.6 SHORT
  384.7 random-12         82.9       12.5     -0.5        42.0  1.00       6.7  0.00  0.00  -59.7 met
  385.7 random-12         79.7       15.6     -0.9        42.0  1.00       8.9  0.00  0.00  -31.9 met
  386.7 random-12         52.9       39.8     -4.0        20.9  1.00       7.8  0.00  0.00  -20.8 met
  387.7 random-12         38.9       30.6     -6.9        27.5  1.00       9.9  0.00  0.00  -12.6 SHORT
  388.7 random-12         43.7       19.5     19.3        47.9  1.00      11.1  0.00  0.00   -6.3 SHORT
  389.7 random-12         49.2       81.7     79.4         8.7  1.00      13.2  0.00  0.00  -12.9 SHORT
  390.8 random-12         42.1      112.8    106.5         7.4  1.00      27.9  0.00  0.00  -13.0 SHORT
  391.8 random-12         20.7      104.9     97.2         7.4  1.00      58.9  0.00  0.00  -13.0 SHORT
  392.8 random-12          1.4        5.1      4.7        20.1  1.00      17.7  0.00  0.00  -23.7 SHORT
  393.8 random-12          1.4        3.5      2.6        20.8  1.00      10.2  0.00  0.00  -41.8 SHORT
  394.8 random-12          2.5       11.7     -4.1        48.5  1.00      21.1  0.00  0.00  -43.6 SHORT
  395.8 random-12          1.4        7.4     -2.0        52.8  1.00      10.2  0.00  0.00    6.8 SHORT
  396.8 random-12          1.4        1.5      0.8        52.8  1.00       8.3  0.00  0.00   57.4 SHORT
  397.8 random-12          1.4        2.1      0.6        12.9  1.00       7.4  0.00  0.00   68.7 SHORT
  398.8 random-12          2.0       11.1     10.4        32.9  1.00      10.4  0.00  0.00   67.1 SHORT
  399.8 random-12         30.9       91.0     89.6        51.8  1.00      27.8  0.00  0.00   66.8 SHORT
  400.9 random-12         75.1      164.2    163.5        46.9  1.00      61.9  0.00  0.00   66.8 SHORT
  401.9 random-12        130.5      132.9    132.2        28.3  1.00      30.4  0.00  0.00   66.9 SHORT
  402.9 random-12        151.8       99.0     98.7        11.2  1.00      18.6  0.00  0.00   66.5 SHORT
  403.9 random-12        161.4       73.8     73.5        14.0  1.00      18.2  0.00  0.00   55.4 SHORT
  404.9 random-12        124.2       81.9     71.1        14.1  1.00      32.3  0.00  0.00   56.6 SHORT
  405.9 random-12        100.1       75.8     62.2        16.3  1.00      10.8  0.00  0.00   52.8 SHORT
  406.9 random-13         94.6       37.4     34.7        11.5  1.00      16.3  0.00  0.00   61.3 SHORT
  407.9 random-13        102.9        0.6      0.1        11.5  1.00       8.3  0.00  0.00   71.7 SHORT
  408.9 random-13         96.0       12.2      9.8         2.3  1.00      10.2  0.00  0.00   79.0 SHORT
  409.9 random-13        103.2       56.3     44.2         0.0  1.00      11.3  0.00  0.00   79.1 met
  410.9 random-13        116.9       69.5     60.3        28.6  1.00       7.1  0.00  0.00   77.2 SHORT
  412.0 random-13        243.5      141.8    137.7        31.9  1.00      31.0  0.00  0.00   64.5 SHORT
  413.0 random-13        540.4      198.0    197.4         7.4  1.00      29.8  0.00  0.00   58.9 SHORT
  414.0 random-13        873.0      166.7    166.1         7.0  1.00      25.1  0.00  0.00   62.1 SHORT
  415.0 random-13       1078.4      134.0    133.1         8.6  1.00      23.4  0.00  0.00   64.6 SHORT
  416.0 random-13       1233.2      102.4    100.7        11.1  1.00      14.8  0.00  0.00   57.8 SHORT
  417.0 random-13       1365.3       68.4     68.1        24.2  1.00      33.5  0.00  0.00   44.3 SHORT
  418.1 random-13       1462.6      142.1    138.3         9.3  1.00      38.0  0.00  0.00   34.1 SHORT
  419.1 random-13       1550.3      146.8    145.7         7.8  1.00      23.2  0.00  0.00   30.6 SHORT
  420.1 random-13       1649.5      116.8    116.7         9.9  1.00      14.4  0.00  0.00   27.7 SHORT
  421.1 random-13       1744.9       89.6     89.3        12.7  1.00      18.9  0.00  0.00   27.6 SHORT
  422.1 random-13       1835.0       60.3     59.4        18.5  1.00      25.1  0.00  0.00   34.6 SHORT
  423.1 random-13       1885.8       37.2     34.3        23.3  1.00       6.3  0.00  0.00   40.1 SHORT
  424.1 random-13       2007.9      124.1    115.9         0.7  1.00      22.5  0.00  0.00   39.7 SHORT
  425.1 random-13       2151.5      112.0    104.6        10.2  1.00      11.6  0.00  0.00   37.6 SHORT
  426.1 random-13       2205.5       78.9     68.1        14.3  1.00       7.9  0.00  0.00   32.8 SHORT
  427.1 random-13       2256.7       72.6     66.4        29.2  1.00      15.7  0.00  0.00   25.6 SHORT
  428.2 random-13       2309.8      147.0    147.0        23.4  1.00      15.6  0.00  0.00   25.5 SHORT
  429.2 random-13       2354.7      124.9    122.0         9.4  1.00      15.0  0.00  0.00   21.2 SHORT
  430.2 random-13       2355.5      105.3    100.2        11.0  1.00      21.6  0.00  0.00   15.4 SHORT
  431.2 random-13       2361.0       81.4     79.5        13.1  1.00      17.8  0.00  0.00    7.0 SHORT
  432.2 random-14       2364.3       60.6     54.6        25.6  1.00       9.2  0.00  0.00    4.8 SHORT
  433.2 random-14       2339.8       42.9     28.4        25.6  1.00       6.3  0.00  0.00    4.8 SHORT
  434.2 random-14       2312.1       48.1     40.1        33.8  1.00       8.3  0.00  0.00    4.8 SHORT
  435.2 random-14       2309.5      122.9    122.8        34.4  1.00      17.2  0.00  0.00    4.8 SHORT
  436.2 random-14       2319.6      130.3    130.2        21.4  1.00      19.4  0.00  0.00    5.0 SHORT
  437.2 random-14       2320.9      105.2    102.0        11.0  1.00       9.4  0.00  0.00   13.8 SHORT
  438.2 random-14       2329.8       74.5     73.2        15.1  1.00      15.6  0.00  0.00   13.1 SHORT
  439.2 random-14       2364.4       57.4     39.3        15.9  1.00      12.8  0.00  0.00   -1.9 SHORT
  440.2 random-14       2385.8       12.1     11.2         0.1  1.00       9.1  0.00  0.00   -6.9 SHORT
  441.2 random-14       2375.5       14.4      0.0         0.0  1.00       9.7  0.00  0.00   -6.9 met
  442.3 random-14       2366.7        3.3     -0.6         3.5  1.00       9.1  0.00  0.00   -7.3 SHORT
  443.3 random-14       2368.5        7.7     -0.9         3.6  1.00       9.4  0.00  0.00   -8.6 met
  444.3 random-14       2363.7       36.0     -9.5        35.5  1.00       8.6  0.00  0.00  -40.3 SHORT
  445.3 random-14       2371.4       31.2     -4.2        57.4  1.00       7.0  0.00  0.00  -62.0 SHORT
  446.3 random-14       2375.0        8.2     -5.7        73.3  1.00       6.5  0.00  0.00  -71.9 SHORT
  447.3 random-14       2386.7       20.3    -19.5        75.4  1.00       7.4  0.00  0.00  -49.1 met
  448.3 random-14       2401.4       14.7     -2.5        60.4  1.00       8.4  0.00  0.00    0.6 SHORT
  449.3 random-14       2412.4       26.8      3.9        51.3  1.00      12.3  0.00  0.00   51.7 met
  450.3 random-14       2426.7       53.5     49.6        30.6  1.00       9.2  0.00  0.00   57.6 SHORT
  451.3 random-14       2481.0       57.2     56.9        70.2  1.00       6.8  0.00  0.00   44.0 SHORT
  452.3 random-14       2500.8       28.0     27.5         3.1  1.00       8.0  0.00  0.00   33.5 SHORT
  453.3 random-14       2504.9        4.0     -3.3         0.0  1.00       8.5  0.00  0.00   33.4 met
  454.3 random-14       2499.1        9.5     -9.3         0.0  1.00       7.7  0.00  0.00   33.4 met
  455.3 random-14       2494.2        1.7     -1.7        23.8  1.00       7.6  0.00  0.00   33.4 met
  456.3 random-15       2493.4        0.7     -0.0        45.3  1.00       7.6  0.00  0.00   33.4 SHORT
  457.3 random-15       2498.4       14.3      0.0        82.6  1.00       5.4  0.00  0.00   33.4 SHORT
  458.3 random-15       2494.5       31.7     -0.0        82.6  1.00       6.9  0.00  0.00   33.4 SHORT
  459.3 random-15       2465.9       39.2     -9.7        19.1  1.00       7.0  0.00  0.00   35.6 met
  460.3 random-15       2436.6       21.2    -10.9        27.8  1.00       7.4  0.00  0.00   43.1 SHORT
  461.3 random-15       2421.7       14.8     -3.3        68.0  1.00      12.1  0.00  0.00   46.7 SHORT
  462.3 random-15       2410.3       20.5     -3.4        45.7  1.00      13.7  0.00  0.00   64.1 SHORT
  463.3 random-15       2406.6        5.7     -5.7        36.1  1.00       7.8  0.00  0.00   48.4 met
  464.3 random-15       2403.1        5.7     -5.7        36.1  1.00       7.6  0.00  0.00   33.5 met
  465.4 random-15       2400.3        6.7     -4.5        41.4  1.00       8.0  0.00  0.00   23.5 SHORT
  466.4 random-15       2399.8       16.6      7.1         7.4  1.00       7.3  0.00  0.00   23.3 SHORT
  467.4 random-15       2417.9       39.9     37.2        38.4  1.00      13.2  0.00  0.00   23.3 SHORT
  468.4 random-15       2448.2       46.1     37.7        38.4  1.00       8.2  0.00  0.00   16.0 SHORT
  469.4 random-15       2468.1       59.6     54.3        55.7  1.00       9.0  0.00  0.00    5.8 SHORT
  470.4 random-15       2474.9      143.0    142.0        60.4  1.00      12.6  0.00  0.00   -1.6 SHORT
  471.4 random-15       2484.0      223.4    222.0        59.9  1.00      20.9  0.00  0.00   -8.2 met
  472.4 random-15       2371.4      226.7    225.1         8.1  1.00      35.3  0.00  0.00  -10.1 SHORT
  473.4 random-15       2001.0      207.6    203.8         5.7  1.00      34.1  0.00  0.00  -10.0 SHORT
  474.4 random-15       1688.9      186.7    181.8         6.3  1.00      36.0  0.00  0.00   -9.8 SHORT
  475.4 random-15       1626.8      180.9    177.3         6.9  1.00      18.8  0.00  0.00   -6.6 SHORT
  476.5 random-15       1537.6      155.1    155.0        12.8  1.00      26.1  0.00  0.00   -6.5 SHORT
  477.5 random-15       1430.9      134.6    134.3        33.2  1.00      19.8  0.00  0.00   -8.9 SHORT
  478.5 random-15       1543.1      117.9    115.6        48.8  1.00      18.0  0.00  0.00  -10.7 SHORT
  479.5 random-15       1532.3       99.7     92.8        74.8  1.00      14.1  0.00  0.00  -19.5 SHORT
  480.5 random-15       1493.4       73.0     62.9        75.6  1.00      24.1  0.00  0.00  -21.0 SHORT
  481.5 random-16       1408.4       63.4     51.9        25.0  1.00      19.9  0.00  0.00   -4.7 SHORT
  482.5 random-16       1384.4      132.3    126.2         9.5  1.00      23.4  0.00  0.00    5.9 SHORT
  483.5 random-16       1361.9      140.6    132.6         8.5  1.00      14.4  0.00  0.00   12.3 met
  484.5 random-16       1323.0      129.1    122.9         8.8  1.00      18.9  0.00  0.00   19.1 SHORT
  485.5 random-16       1407.8      102.5     95.9         9.4  1.00      16.6  0.00  0.00   21.0 SHORT
  486.6 random-16       1432.2       80.9     70.5         9.7  1.00      41.0  0.00  0.00   11.2 SHORT
  487.6 random-16       1380.0       54.5     34.7        57.5  1.00       9.4  0.00  0.00   10.7 SHORT
  488.6 random-16       1349.5       35.1     -3.3        34.1  1.00       5.5  0.00  0.00   27.6 SHORT
  489.6 random-16       1335.6       19.7      3.3        54.7  1.00       8.3  0.00  0.00  -11.5 met
  490.6 random-16       1326.1        9.7     -0.2        85.5  1.00       7.3  0.00  0.00  -11.5 met
  491.6 random-16       1318.8        8.8      0.7        40.9  1.00       8.3  0.00  0.00   20.0 SHORT
  492.6 random-16       1317.0       45.3     44.9        36.2  1.00      11.0  0.00  0.00   28.8 SHORT
  493.6 random-16       1413.5      114.7    114.5        16.6  1.00      11.3  0.00  0.00   34.5 met
  494.6 random-16       1476.4      146.9    145.7         7.2  1.00      19.5  0.00  0.00   36.5 SHORT
  495.6 random-16       1570.6      232.7    231.4         5.4  1.00      17.4  0.00  0.00   32.1 met
  496.6 random-16       1687.2      224.5    220.9        78.2  1.00      16.1  0.00  0.00   32.6 SHORT
  497.6 random-16       1795.9      192.7    189.0        27.6  1.00      42.3  0.00  0.00   33.4 SHORT
  498.6 random-16       1988.2      163.0    162.1         0.7  1.00      13.5  0.00  0.00   33.1 SHORT
  499.6 random-16       2209.4      135.2    134.7        88.5  1.00      17.9  0.00  0.00   29.4 SHORT
  500.6 random-16       2354.1      108.2    106.5        82.6  1.00      13.2  0.00  0.00   29.0 SHORT
  501.7 random-16       2465.8       80.5     70.4        82.7  1.00      30.4  0.00  0.00   19.4 SHORT
  502.7 random-16       2526.8       72.8     64.6        20.2  1.00      38.5  0.00  0.00   25.4 SHORT
  503.7 random-16       2632.7      142.5    140.6         6.9  1.00      20.8  0.00  0.00   36.0 SHORT
  504.7 random-16       2836.8      117.0    114.7         9.8  1.00      20.7  0.00  0.00   42.8 SHORT
  505.7 random-16       3069.3      183.1    183.0         0.0  1.00      20.9  0.00  0.00   44.6 met
  506.7 random-17       3317.9      200.2    198.8        63.2  1.00      29.8  0.00  0.00   46.3 SHORT
  507.8 random-17       3515.5      202.7    198.4        64.8  1.00      16.2  0.00  0.00   51.9 met
  508.8 random-17       3660.4      202.8    198.5        64.8  1.00      16.5  0.00  0.00   53.1 met
  509.8 random-17       3820.9      183.3    182.2         9.2  1.00      14.9  0.00  0.00   51.4 SHORT
  510.8 random-17       3957.0      154.3    154.3         7.1  1.00      16.9  0.00  0.00   52.3 SHORT
  511.8 random-17       4073.1      125.2    122.5         9.2  1.00      27.7  0.00  0.00   46.9 SHORT
  512.8 random-17       4167.3       90.8     88.6        18.2  1.00      20.8  0.00  0.00   37.4 SHORT
  513.8 random-17       4223.7       57.8     57.2        23.4  1.00      14.3  0.00  0.00   22.8 SHORT
  514.8 random-17       4238.0       80.9     80.2        14.6  1.00       9.7  0.00  0.00   15.4 SHORT
  515.8 random-17       4292.2      166.2    166.0         7.8  1.00      26.0  0.00  0.00   24.8 SHORT
  516.9 random-17       4386.7      246.6    246.4        12.6  1.00      20.5  0.00  0.00   29.9 SHORT
  517.9 random-17       4500.7      228.1    226.3        51.0  1.00      10.6  0.00  0.00   27.9 SHORT
  518.9 random-17       4608.8      199.9    196.8        51.1  1.00      15.4  0.00  0.00   29.3 SHORT
  519.9 random-17       4645.0      173.1    167.9        12.9  1.00      19.3  0.00  0.00   31.7 SHORT
  520.9 random-17       4664.8      148.3    143.6        89.9  1.00      22.9  0.00  0.00   35.3 SHORT
  521.9 random-17       4722.0      115.3    110.6        90.4  1.00      17.9  0.00  0.00   41.8 SHORT
  522.9 random-17       4768.3       79.5     77.8         6.1  1.00      13.1  0.00  0.00   37.3 SHORT
  523.9 random-17       4780.8       49.9     47.3         4.7  1.00      20.2  0.00  0.00   35.0 SHORT
  524.9 random-17       4799.9       26.5     23.0        14.4  1.00       7.4  0.00  0.00   33.1 SHORT
  525.9 random-17       4820.2       88.5     88.4        42.6  1.00       6.6  0.00  0.00   52.7 SHORT
  526.9 random-17       4831.1       56.1     56.0        68.1  1.00       7.1  0.00  0.00   40.8 SHORT
  527.9 random-17       4799.3       34.9     24.7        81.5  1.00       8.1  0.00  0.00   40.1 SHORT
  528.9 random-17       4789.0       42.3     39.8        30.1  1.00       9.3  0.00  0.00   45.6 SHORT
  529.9 random-17       4802.8      116.8    115.9        11.4  1.00      13.4  0.00  0.00   51.2 SHORT
  531.0 random-17       4881.2      168.8    168.5        14.1  1.00      12.6  0.00  0.00   51.4 SHORT
  532.0 random-18       4970.8      139.8    139.4        19.3  1.00      18.1  0.00  0.00   51.3 SHORT
  533.0 random-18       5036.7      110.5    109.4        80.2  1.00      15.6  0.00  0.00   51.3 SHORT
  534.0 random-18       5126.8      119.6    118.8        32.4  1.00      19.9  0.00  0.00   50.4 SHORT
  535.0 random-18       5255.0      127.3    123.2        30.8  1.00      22.4  0.00  0.00   44.0 met
  536.0 random-18       5393.6      118.9    118.8        10.0  1.00      14.3  0.00  0.00   36.6 met
  537.0 random-18       5511.6      110.6    110.5         5.2  1.00      13.4  0.00  0.00   30.2 SHORT
  538.0 random-18       5595.5       82.1     82.0        33.3  1.00      14.2  0.00  0.00   28.2 SHORT
  539.0 random-18       5655.7       53.1     52.9        45.1  1.00       8.8  0.00  0.00   30.1 SHORT
  540.0 random-18       5691.3       20.2     20.0        45.2  1.00       7.0  0.00  0.00   46.7 SHORT
  541.0 random-18       5702.3       24.7     -6.0        42.2  1.00       6.6  0.00  0.00   46.3 SHORT
  542.0 random-18       5700.4       11.4     -1.5        59.9  1.00       7.6  0.00  0.00   15.2 SHORT
  543.0 random-18       5690.0       18.3     -0.4        67.2  1.00       8.6  0.00  0.00   21.3 SHORT
  544.0 random-18       5693.0       19.0     -0.6        67.2  1.00       6.9  0.00  0.00   36.3 SHORT
  545.0 random-18       5702.2       25.9     -2.8        41.4  1.00       6.2  0.00  0.00   25.7 SHORT
  546.0 random-18       5716.4       28.8     -3.6        41.3  1.00       9.6  0.00  0.00   -3.7 SHORT
  547.0 random-18       5714.2       35.6     -3.9        41.3  1.00       8.8  0.00  0.00  -25.9 met
  548.0 random-18       5676.9       43.1    -22.6        22.9  1.00       9.2  0.00  0.00  -27.9 met
  549.0 random-18       5615.0       49.6    -23.8        22.9  1.00       9.1  0.00  0.00  -27.9 met
  550.0 random-18       5558.0       32.1      3.7        17.9  1.00       8.7  0.00  0.00  -28.1 SHORT
  551.0 random-18       5557.5       81.3     81.2        15.6  1.00      10.5  0.00  0.00  -27.0 met
  552.0 random-18       5573.6       86.2     86.0        13.8  1.00      10.2  0.00  0.00  -24.2 met
  553.1 random-18       5606.1      163.0    158.7         8.0  1.00      17.1  0.00  0.00  -28.5 SHORT
  554.1 random-18       5559.2      162.9    162.3        32.4  1.00      20.0  0.00  0.00  -25.3 SHORT
  555.1 random-18       5460.5      151.2    148.2        32.6  1.00      13.7  0.00  0.00  -18.2 SHORT
  556.1 random-18       5370.4      131.1    128.2        52.6  1.00      21.2  0.00  0.00  -16.4 SHORT
  557.1 random-19       5296.4      109.0    109.0        35.2  1.00      24.7  0.00  0.00  -16.4 SHORT
  558.1 random-19       5301.6       88.2     88.0        11.6  1.00       9.6  0.00  0.00  -17.6 SHORT
  559.1 random-19       5322.4       71.2     71.0        16.2  1.00      10.2  0.00  0.00  -23.7 SHORT
  560.1 random-19       5330.4       54.2     53.6        19.2  1.00       9.9  0.00  0.00  -29.5 SHORT
  561.1 random-19       5315.6       46.2     39.1        17.4  1.00       8.9  0.00  0.00  -31.3 SHORT
  562.1 random-19       5302.1       23.4     23.2        63.7  1.00       9.1  0.00  0.00  -30.6 SHORT
  563.1 random-19       5281.6       30.1      2.9        65.5  1.00       8.9  0.00  0.00  -30.6 SHORT
  564.1 random-19       5260.9        4.5      0.0        57.0  1.00       8.5  0.00  0.00  -30.6 met
  565.1 random-19       5255.9       42.7     40.3        46.6  1.00       9.2  0.00  0.00  -39.6 SHORT
  566.1 random-19       5192.4      131.9    130.4        34.9  1.00      20.8  0.00  0.00  -55.8 SHORT
  567.2 random-19       5022.1      228.6    227.8        33.8  1.00      23.3  0.00  0.00  -63.1 met
  568.2 random-19       4697.4      226.0    223.9         0.0  1.00      13.2  0.00  0.00  -63.8 SHORT
  569.2 random-19       4311.0      248.2    248.2        16.0  1.00      25.5  0.00  0.00  -62.7 SHORT
  570.2 random-19       4191.6      271.5    271.3        19.0  1.00      15.5  0.00  0.00  -61.8 SHORT
  571.2 random-19       4146.4      295.1    294.0        22.8  1.00      18.4  0.00  0.00  -57.7 SHORT
  572.2 random-19       3982.4      291.4    290.1        38.7  1.00      15.2  0.00  0.00  -54.7 SHORT
  573.2 random-19       3682.2      279.9    278.1        43.9  1.00      18.9  0.00  0.00  -54.6 SHORT
  574.2 random-19       3426.0      268.9    267.0        43.9  1.00      10.5  0.00  0.00  -54.6 SHORT
  575.2 random-19       3231.3      258.9    257.6        76.9  1.00      14.6  0.00  0.00  -54.3 SHORT
  576.2 random-19       3006.8      251.1    250.6         6.7  1.00      16.3  0.00  0.00  -51.4 SHORT
  577.2 random-19       2777.6      243.0    242.4         4.9  1.00      20.2  0.00  0.00  -51.4 SHORT
  578.2 random-19       2548.5      235.3    234.8         5.0  1.00      22.8  0.00  0.00  -50.9 SHORT
  579.3 random-19       2320.3      227.0    226.9        36.0  1.00      19.2  0.00  0.00  -53.2 SHORT
  580.3 random-19       2081.6      219.8    219.7        36.1  1.00      16.6  0.00  0.00  -58.5 SHORT
  581.3 random-19       1841.2      206.5    206.4         6.3  1.00      27.3  0.00  0.00  -57.6 SHORT
  582.3 random-20       1612.5      207.7    205.4        39.5  1.00      16.1  0.00  0.00  -52.7 SHORT
  583.3 random-20       1376.3      221.0    217.8        52.9  1.00      27.3  0.00  0.00  -52.5 SHORT
  584.3 random-20       1163.1      205.1    200.3         7.9  1.00      31.2  0.00  0.00  -48.5 SHORT
  585.3 random-20        968.0      187.1    180.9         1.6  1.00      19.2  0.00  0.00  -44.5 SHORT
  586.3 random-20        802.4      169.5    165.1        29.6  1.00       7.8  0.00  0.00  -46.8 SHORT
  587.4 random-20        660.6      155.8    150.5        16.1  1.00      27.7  0.00  0.00  -53.0 SHORT
  588.4 random-20        528.1      134.5    126.9         8.6  1.00      28.7  0.00  0.00  -50.9 SHORT
  589.4 random-20        414.7      111.9    103.6        44.8  1.00      31.7  0.00  0.00  -49.1 SHORT
  590.4 random-20        317.2       95.1     85.5        52.1  1.00      15.1  0.00  0.00  -49.2 SHORT
  591.4 random-20        248.1       80.8     60.5        26.4  1.00      13.8  0.00  0.00  -40.6 SHORT
  592.4 random-20        203.0       59.8     42.1        19.1  1.00      13.0  0.00  0.00  -53.5 SHORT
  593.4 random-20        180.8       46.9     28.8        61.1  1.00      15.6  0.00  0.00  -48.8 SHORT
  594.4 random-20        158.1       53.0     36.5        12.2  1.00      16.3  0.00  0.00  -34.3 SHORT
  595.4 random-20        127.4       72.4     56.5        52.1  1.00      15.6  0.00  0.00  -34.3 SHORT
  596.4 random-20         90.2       64.5     50.8        75.3  1.00       9.4  0.00  0.00  -34.3 SHORT
  597.4 random-20         72.2       49.5     33.2         6.8  1.00      12.7  0.00  0.00  -34.3 SHORT
  598.5 random-20         71.1       36.3     13.6         7.0  1.00      14.7  0.00  0.00  -34.3 SHORT
  599.5 random-20         74.0        7.7      0.4        35.3  1.00      14.3  0.00  0.00  -37.3 met
  600.5 random-20         69.2        9.7      0.1        35.3  1.00      11.1  0.00  0.00  -44.1 met
  601.5 random-20         64.0       11.7      0.3         5.2  1.00      11.7  0.00  0.00  -49.8 SHORT
  602.5 random-20         60.3        8.4     -4.7        68.8  1.00       9.8  0.00  0.00  -49.6 SHORT
  603.5 random-20         78.8       28.2    -17.2        75.1  1.00      16.3  0.00  0.00  -17.6 SHORT
  604.5 random-20        108.0       31.7    -19.5        75.1  1.00      10.7  0.00  0.00   -1.0 met
  605.5 random-20        116.4        7.5     -5.6        38.3  1.00      17.5  0.00  0.00   24.9 met

legs flown        34 of 34
worst spin        99.8 deg/s (limit 180)
worst speed       299.7 m/s
lowest height     1.4 m
lowest hull       1.00
pulled up         99.3 s
ground hits       22, worst 128 m/s (random sequences; in the script one is a failure)
frames            48307, 9882 over 16.7 ms, 701 over 33 ms, worst 400.0 ms, 1 hitches over 250 ms after the first minute

stays in one piece: yes
frames in budget:   NO
VERDICT: FAIL
