Playtest: the ship flown through the six axes a player has (M5P).

  time  leg          height m  speed m/s  ahead  spin deg/s  hull  frame ms   fog   ice  nose  nozzles
    1.0 hover             44.0        0.0     -0.0         0.0  1.00      15.2  0.00  0.00   -0.0 met
    2.0 hover             44.1        0.0     -0.0         0.0  1.00      10.4  0.00  0.00   -0.0 met
    3.0 hover             44.1        0.0     -0.0         0.0  1.00      35.6  0.00  0.00   -0.0 met
    4.0 hover             45.2        0.2     -0.0         0.0  1.00      14.5  0.00  0.00   -0.0 met
    5.0 hover             45.3        0.0     -0.0         0.0  1.00      11.9  0.00  0.00   -0.0 met
    6.0 climb             45.3        0.5     -0.0         0.0  1.00      14.4  0.00  0.00   -0.0 SHORT
    7.1 climb             63.9       34.6     -0.0         0.0  1.00      13.1  0.00  0.00    0.0 met
    8.1 climb            103.0       39.9     -0.0         0.0  1.00      31.6  0.00  0.00    0.0 met
    9.1 climb            143.7       40.0     -0.0         0.0  1.00      23.7  0.00  0.00    0.0 met
   10.1 climb            184.1       40.0     -0.0         0.0  1.00      17.8  0.00  0.00    0.0 met
   11.1 climb            224.6       40.0     -0.0         0.0  1.00      17.9  0.00  0.00    0.0 met
   12.1 climb            265.6       40.0     -0.0         0.0  1.00      23.4  0.00  0.00    0.0 met
   13.1 climb            306.0       40.0     -0.0         0.0  1.00      17.1  0.00  0.00    0.0 met
   14.1 climb            346.4       40.0     -0.0         0.0  1.00       8.4  0.00  0.00    0.0 met
   15.1 climb            386.5       40.0     -0.0         0.0  1.00      18.3  0.00  0.00    0.0 met
   16.1 climb            426.6       40.0     -0.0         0.0  1.00      17.4  0.00  0.00    0.0 met
   17.2 climb            466.9       40.0     -0.0         0.0  1.00       9.0  0.00  0.00    0.0 met
   18.2 climb            508.3       40.0     -0.0         0.0  1.00      40.0  0.00  0.00    0.0 met
   19.2 climb            548.7       40.0     -0.0         0.0  1.00      12.4  0.00  0.00    0.0 met
   20.2 climb            588.8       40.0     -0.0         0.0  1.00       9.1  0.00  0.00    0.0 met
   21.2 climb            629.1       40.0     -0.0         0.0  1.00       8.2  0.00  0.00    0.0 met
   22.2 climb            669.1       40.0     -0.0         0.0  1.00       6.3  0.00  0.00    0.0 met
   23.2 climb            709.2       40.0     -0.0         0.0  1.00       8.6  0.00  0.00    0.0 met
   24.2 climb            749.5       40.0     -0.0         0.0  1.00       8.1  0.00  0.00    0.0 met
   25.2 climb            789.8       40.0     -0.0         0.0  1.00       8.3  0.00  0.00    0.0 met
   26.2 climb            830.2       40.0     -0.0         0.0  1.00       9.2  0.00  0.00    0.0 met
   27.2 climb            870.5       40.0     -0.0         0.0  1.00       9.1  0.00  0.00    0.0 met
   28.2 climb            910.5       40.0     -0.0         0.0  1.00       8.0  0.00  0.00    0.0 met
   29.2 climb            950.5       40.0     -0.0         0.0  1.00       7.9  0.00  0.00    0.0 met
   30.2 climb            990.9       40.0     -0.0         0.0  1.00       7.8  0.00  0.00    0.0 met
   31.3 forward         1029.8       33.4     18.9         0.0  1.00       8.0  0.00  0.00    0.0 SHORT
   32.3 forward         1053.6      107.4    107.4         0.0  1.00       8.5  0.00  0.00    0.0 SHORT
   33.3 forward         1088.9      148.9    148.9         0.0  1.00      16.1  0.00  0.00    0.0 met
   34.3 forward         1117.0      149.9    149.9         0.0  1.00      17.4  0.00  0.00    0.0 met
   35.3 forward         1141.1      149.9    149.9         0.0  1.00      23.3  0.00  0.00    0.0 met
   36.3 forward         1196.3      149.9    149.9         0.0  1.00     258.6  0.00  0.00    0.0 met
   37.3 forward         1257.2      149.9    149.9         0.0  1.00      19.9  0.00  0.00    0.0 met
   38.3 forward         1334.0      149.9    149.9         0.0  1.00      25.8  0.00  0.00    0.0 met
   39.3 forward         1384.8      149.9    149.9         0.0  1.00      20.0  0.00  0.00    0.0 met
   40.3 forward         1455.3      149.9    149.9         0.0  1.00      17.0  0.00  0.00    0.0 met
   41.3 turn            1507.6      149.9    149.9         7.0  1.00      17.5  0.00  0.00    0.0 met
   42.3 turn            1590.8      149.8    149.7         8.0  1.00      14.8  0.00  0.00    0.0 met
   43.3 turn            1662.9      149.8    149.7         8.0  1.00      17.7  0.00  0.00    0.0 met
   44.3 turn            1726.8      149.8    149.7         8.0  1.00      19.6  0.00  0.00    0.0 met
   45.4 turn            1883.4      149.8    149.7         8.0  1.00      21.4  0.00  0.00    0.0 met
   46.4 turn            1894.7      149.8    149.7         8.0  1.00      15.6  0.00  0.00    0.0 met
   47.4 turn            1773.4      147.2    147.1         8.0  1.00      14.7  0.00  0.00    0.0 met
   48.4 turn            1647.8      149.6    149.5         8.0  1.00      20.4  0.00  0.00    0.0 met
   49.4 cruise          1759.9      177.6    177.6         0.6  1.00      15.3  0.00  0.00    0.0 SHORT
   50.4 cruise          1807.7      267.9    267.9         0.0  1.00      38.0  0.00  0.00    0.0 SHORT
   51.4 cruise          2105.5      298.9    298.9         0.0  1.00      17.5  0.00  0.00    0.0 met
   52.4 cruise          2092.8      299.6    299.6         0.0  1.00      11.0  0.00  0.00    0.0 met
   53.4 cruise          2071.3      299.6    299.6         0.0  1.00      16.0  0.00  0.00    0.0 met
   54.4 cruise          2099.8      299.6    299.6         0.0  1.00      20.6  0.00  0.00    0.0 met
   55.4 cruise          2101.9      299.7    299.7         0.0  1.00       6.2  0.00  0.00    0.0 met
   56.4 cruise          2104.8      299.7    299.7         0.0  1.00      19.6  0.00  0.00    0.0 met
   57.5 cruise          2098.2      299.6    299.6         0.0  1.00      14.9  0.00  0.00    0.0 met
   58.5 cruise          2097.3      299.7    299.7         0.0  1.00      14.6  0.00  0.00    0.1 met
   59.5 roll-right      2099.2      288.8    288.8        43.3  1.00      13.2  0.00  0.00    0.1 SHORT
   60.5 roll-right      1759.1      267.7    267.3        45.2  1.00      33.0  0.00  0.00    0.1 SHORT
   61.5 roll-right      1478.9      249.8    248.8        45.1  1.00      17.4  0.00  0.00    0.1 SHORT
   62.5 roll-left       1721.3      227.7    227.7        42.0  1.00       6.9  0.00  0.00    0.1 SHORT
   63.5 roll-left       1836.3      204.1    204.1        45.0  1.00       6.4  0.00  0.00    0.1 SHORT
   64.5 roll-left       2053.5      180.4    180.4        45.0  1.00      14.3  0.00  0.00    0.1 SHORT
   65.5 strafe          2104.9      158.3    157.9         1.4  1.00      17.5  0.00  0.00    0.1 SHORT
   66.5 strafe          2109.3      138.7    136.7         0.0  1.00       5.5  0.00  0.00    0.1 SHORT
   67.5 strafe          2105.6      116.0    113.5         0.0  1.00      16.9  0.00  0.00    0.1 SHORT
   68.5 strafe          2103.3       92.7     89.5         0.0  1.00      15.9  0.00  0.00    0.1 SHORT
   69.5 strafe          2106.9       69.9     65.7         0.0  1.00      23.2  0.00  0.00    0.1 SHORT
   70.5 pitch-down      2093.3       84.5     83.5        14.5  1.00      13.7  0.00  0.00   -5.6 SHORT
   71.6 pitch-down      2068.5       89.7     89.5        13.3  1.00      18.7  0.00  0.00  -19.4 met
   72.6 pitch-down      2052.0       89.8     89.6        13.3  1.00      16.1  0.00  0.00  -32.8 met
   73.6 pitch-up        2005.4       90.0     89.9        12.6  1.00       8.3  0.00  0.00  -36.7 met
   74.6 pitch-up        1894.6       88.4     88.3        13.4  1.00       6.9  0.00  0.00  -23.4 SHORT
   75.6 pitch-up        1618.8       74.1     74.0        15.8  1.00       8.4  0.00  0.00   -8.9 SHORT
   76.6 let-go          1497.7       72.7     72.7         0.4  1.00      15.4  0.00  0.00    1.5 SHORT
   77.6 let-go          1513.6       47.6     47.6         0.0  1.00      11.2  0.00  0.00    1.6 SHORT
   78.6 let-go          1502.8       22.0     22.0         0.0  1.00       8.2  0.00  0.00    1.6 SHORT
   79.6 let-go          1497.9        1.3      1.3         0.0  1.00       7.2  0.00  0.00    1.6 met
   80.6 let-go          1497.7        0.0      0.0         0.0  1.00       7.4  0.00  0.00    1.6 met
   81.6 let-go          1498.1        0.3      0.0         0.0  1.00       7.2  0.00  0.00    1.6 met
   82.6 let-go          1498.1        0.0      0.0         0.0  1.00       7.3  0.00  0.00    1.6 met
   83.6 let-go          1498.1        0.0      0.0         0.0  1.00       7.3  0.00  0.00    1.6 met
   84.6 let-go          1498.1        0.0      0.0         0.0  1.00       7.4  0.00  0.00    1.6 met
   85.6 let-go          1498.1        0.0     -0.0         0.0  1.00       7.2  0.00  0.00    1.6 met
   86.6 reverse         1500.3       13.1    -13.1         0.0  1.00       9.7  0.00  0.00    1.6 SHORT
   87.6 reverse         1508.5       37.3    -37.3         0.0  1.00      10.2  0.00  0.00    1.6 met
   88.6 reverse         1512.9       39.9    -39.9         0.0  1.00      12.7  0.00  0.00    1.6 met
   89.6 reverse         1498.1       40.0    -40.0         0.0  1.00       8.0  0.00  0.00    1.6 met
   90.6 descend         1508.7       18.4     -6.0         0.0  1.00       7.4  0.00  0.00    1.6 met
   91.6 descend         1490.2       19.9     -0.1         0.0  1.00       7.4  0.00  0.00    1.6 met
   92.7 descend         1469.4       20.0     -0.0         0.0  1.00       7.3  0.00  0.00    1.6 met
   93.7 descend         1448.7       20.0     -0.0         0.0  1.00       7.8  0.00  0.00    1.6 met
   94.7 descend         1430.3       19.7     -0.0         0.0  1.00       7.4  0.00  0.00    1.6 met
   95.7 descend         1409.4       20.0     -0.0         0.0  1.00      14.1  0.00  0.00    1.6 met
   96.7 descend         1388.3       20.0     -0.0         0.0  1.00       7.3  0.00  0.00    1.6 met
   97.7 descend         1367.4       20.0     -0.0         0.0  1.00       7.3  0.00  0.00    1.6 met
   98.7 hover-end       1351.8        3.2     -0.0         0.0  1.00       7.6  0.00  0.00    1.6 met
   99.7 hover-end       1351.0        0.0     -0.0         0.0  1.00       6.6  0.00  0.00    1.6 met
  100.7 hover-end       1351.0        0.0     -0.0         0.0  1.00       7.8  0.00  0.00    1.6 met
  101.7 hover-end       1351.0        0.0     -0.0         0.0  1.00       7.6  0.00  0.00    1.6 met
  102.7 hover-end       1351.4        0.2     -0.0         0.0  1.00       7.5  0.00  0.00    1.6 met
  103.7 hover-end       1351.4        0.0     -0.0         0.0  1.00       6.4  0.00  0.00    1.6 met
  104.7 hover-end       1351.5        0.0     -0.0         0.0  1.00       7.6  0.00  0.00    1.6 met
  105.7 hover-end       1351.5        0.0     -0.0         0.0  1.00       7.3  0.00  0.00    1.6 met
  106.7 random-01       1344.6       17.6      0.9        16.8  1.00       7.2  0.00  0.00   -6.4 met
  107.7 random-01       1318.0       41.6     41.3        53.2  1.00       8.1  0.00  0.00  -17.7 SHORT
  108.7 random-01       1297.5      131.1    131.1        54.7  1.00      22.1  0.00  0.00  -17.8 SHORT
  109.7 random-01       1151.7      153.8    151.9         3.8  1.00      21.7  0.00  0.00  -17.4 SHORT
  110.7 random-01       1064.4      164.4    163.1        44.7  1.00      26.2  0.00  0.00  -21.7 SHORT
  111.7 random-01        866.7      146.5    142.4        45.5  1.00      22.3  0.00  0.00  -16.1 SHORT
  112.8 random-01        574.6      128.2    121.7        77.9  1.00      27.3  0.00  0.00  -15.6 SHORT
  113.8 random-01        415.1      110.0    101.7        84.4  1.00      29.4  0.00  0.00  -15.6 SHORT
  114.8 random-01        292.9       91.9     81.2         3.3  1.00       7.9  0.00  0.00  -15.4 SHORT
  115.8 random-01        219.8       72.1     59.7         9.2  1.00      30.9  0.00  0.00  -14.4 SHORT
  116.8 random-01        188.5       47.7     36.8        30.6  1.00      30.6  0.00  0.00  -14.3 SHORT
  117.8 random-01        174.1       15.7     14.4        64.7  1.00      28.9  0.00  0.00   -9.5 SHORT
  118.8 random-01        170.8        2.8     -2.8        67.2  1.00       8.0  0.00  0.00   -5.6 met
  119.8 random-01        166.5       15.1     14.2        70.8  1.00      15.2  0.00  0.00  -21.8 SHORT
  120.8 random-01        153.4       21.4     19.9        36.4  1.00      34.9  0.00  0.00  -23.1 SHORT
  121.9 random-01        157.0       11.8      0.0         9.3  1.00      11.8  0.00  0.00  -30.2 SHORT
  122.9 random-01        159.4       16.8    -11.3         9.3  1.00      10.3  0.00  0.00  -39.2 met
  123.9 random-01        154.7       55.9     53.6        36.4  1.00       8.6  0.00  0.00  -51.6 SHORT
  124.9 random-01        126.6       74.0     61.6        12.4  1.00      11.0  0.00  0.00  -47.8 SHORT
  125.9 random-01        101.6       86.2     79.8        14.2  1.00      10.8  0.00  0.00  -50.3 SHORT
  126.9 random-01         88.9      125.8    122.6        10.0  1.00      15.3  0.00  0.00  -49.5 SHORT
  127.9 random-01         90.5      170.6    169.9         6.0  1.00      48.5  0.00  0.00  -47.9 SHORT
  128.9 random-01         78.4      166.7    163.2         2.5  1.00      47.5  0.00  0.00  -47.2 SHORT
  129.9 random-01         94.4      181.7    181.6         0.0  1.00      60.6  0.00  0.00  -47.1 SHORT
  131.0 random-01         88.9      179.7    179.3         0.0  1.00      18.8  0.00  0.00  -47.1 SHORT
  132.0 random-02         83.1      167.2    165.2         7.0  1.00      16.4  0.00  0.00  -44.3 SHORT
  133.0 random-02         72.9      153.5    149.3         7.6  1.00      13.1  0.00  0.00  -44.2 SHORT
  134.0 random-02         41.4      138.8    132.8         8.4  1.00      12.5  0.00  0.00  -50.6 SHORT
  135.0 random-02          5.2       61.2     37.1         0.4  1.00      13.5  0.00  0.00  -55.2 SHORT
  136.0 random-02          1.5       42.5     19.7        28.0  1.00      17.2  0.00  0.00  -56.5 SHORT
  137.0 random-02          1.4        1.4      0.7        59.5  1.00      17.7  0.00  0.00  -56.9 SHORT
  138.0 random-02          1.4        3.9      3.4        60.5  1.00      13.5  0.00  0.00  -23.9 SHORT
  139.0 random-02          3.4       22.9     -7.6         0.7  1.00      16.9  0.00  0.00   -4.1 SHORT
  140.0 random-02          9.6       36.9     -9.6         0.0  1.00      16.4  0.00  0.00   -4.1 met
  141.0 random-02         18.9       64.0     61.9        39.4  1.00      20.7  0.00  0.00   23.8 SHORT
  142.0 random-02         42.9      107.6    106.8        17.9  1.00      15.8  0.00  0.00   35.4 SHORT
  143.0 random-02         65.0      177.7    176.9         7.0  1.00      23.5  0.00  0.00   39.5 SHORT
  144.1 random-02         58.5      210.4    208.0         5.7  1.00      27.5  0.00  0.00   41.7 SHORT
  145.1 random-02         15.4      189.5    184.5         6.1  1.00      14.1  0.00  0.00   43.3 SHORT
  146.1 random-02          1.4        0.0     -0.0        25.1  1.00      16.2  0.00  0.00   44.7 met
  147.1 random-02          1.4        1.9      1.1        70.1  1.00      19.3  0.00  0.00   43.1 SHORT
  148.1 random-02          1.4        1.4      0.2        70.8  1.00      16.1  0.00  0.00    7.2 SHORT
  149.1 random-02          1.4        2.0      0.1        70.7  1.00      10.7  0.00  0.00  -28.4 SHORT
  150.1 random-02         11.3       24.5     -0.2         5.4  1.00      18.4  0.00  0.00  -28.4 met
  151.1 random-02         26.8       25.8     -0.2         5.5  1.00      38.7  0.00  0.00  -24.0 met
  152.2 random-02         34.6       18.6      0.4        24.0  1.00      24.3  0.00  0.00  -23.7 SHORT
  153.2 random-02         33.8       22.6      2.1        25.0  1.00      26.0  0.00  0.00  -29.6 SHORT
  154.2 random-02         55.2       29.5    -12.3        70.3  1.00      10.4  0.00  0.00  -21.1 SHORT
  155.2 random-02         59.6       12.4      5.9        36.4  1.00      24.3  0.00  0.00    4.8 SHORT
  156.2 random-03         48.9       25.1      7.1        22.5  1.00      13.1  0.00  0.00   31.3 SHORT
  157.2 random-03         52.8       13.6    -10.3        44.6  1.00      14.5  0.00  0.00    0.2 SHORT
  158.2 random-03         59.4       26.6     23.5        87.5  1.00      10.0  0.00  0.00  -16.0 SHORT
  159.2 random-03         82.7       25.5      1.3        67.4  1.00       9.6  0.00  0.00  -18.8 met
  160.2 random-03        101.4       23.0     -0.3        16.2  1.00      13.0  0.00  0.00  -23.7 SHORT
  161.2 random-03        132.5        2.8     -2.5        50.7  1.00       8.8  0.00  0.00   -9.0 met
  162.2 random-03        114.4       24.8     -3.8        51.9  1.00       9.3  0.00  0.00   38.0 SHORT
  163.2 random-03         53.6       39.5      3.2        72.9  1.00      11.1  0.00  0.00   25.9 SHORT
  164.2 random-03         41.0       44.6     34.1        22.9  1.00       9.5  0.00  0.00   14.7 SHORT
  165.3 random-03        117.6      116.4    114.9        11.3  1.00      25.4  0.00  0.00    6.9 SHORT
  166.3 random-03        280.7      110.5    110.3        10.5  1.00      23.2  0.00  0.00    1.0 SHORT
  167.3 random-03        417.1       86.1     85.5        10.4  1.00      15.6  0.00  0.00   -7.1 SHORT
  168.3 random-03        481.9      124.5    123.1        23.7  1.00      23.5  0.00  0.00    0.6 SHORT
  169.3 random-03        457.1      179.5    175.2        22.0  1.00      58.7  0.00  0.00    2.3 SHORT
  170.4 random-03        427.3      182.8    176.6        22.0  1.00      41.8  0.00  0.00    1.0 met
  171.4 random-03        399.0      171.1    166.1        28.7  1.00      31.2  0.00  0.00   -3.2 SHORT
  172.4 random-03        332.3      152.3    150.5        55.5  1.00      19.5  0.00  0.00   -6.4 SHORT
  173.4 random-03        298.5      131.0    130.8         8.9  1.00      17.7  0.00  0.00   -8.6 SHORT
  174.4 random-03        273.4      111.3    110.9        10.4  1.00      16.0  0.00  0.00  -15.2 SHORT
  175.4 random-03        245.3       89.9     89.5        12.9  1.00      18.8  0.00  0.00  -25.8 SHORT
  176.4 random-03        210.7       71.6     69.8         2.4  1.00      25.1  0.00  0.00  -32.2 SHORT
  177.4 random-03        187.7       62.9     49.7         0.0  1.00      19.4  0.00  0.00  -32.2 SHORT
  178.5 random-03        176.3       48.6     29.3         0.0  1.00      21.8  0.00  0.00  -32.2 SHORT
  179.5 random-03        181.9       10.4      8.9        62.1  1.00      17.7  0.00  0.00  -25.9 SHORT
  180.5 random-03        163.1       28.0     -0.9        62.3  1.00      17.1  0.00  0.00  -25.8 SHORT
  181.5 random-04        146.9       18.1     -5.4        58.6  1.00      20.3  0.00  0.00  -32.5 SHORT
  182.5 random-04        145.9        8.6     -8.2        65.4  1.00      25.1  0.00  0.00  -24.8 SHORT
  183.5 random-04        157.7       20.2    -17.8        89.2  1.00      20.0  0.00  0.00    0.1 met
  184.5 random-04        170.6       20.7    -18.4        89.3  1.00      17.4  0.00  0.00  -15.6 met
  185.5 random-04        163.0       51.5     45.7        68.7  1.00      20.5  0.00  0.00  -48.0 SHORT
  186.5 random-04        148.2       42.8     29.2        30.1  1.00      22.0  0.00  0.00  -64.2 SHORT
  187.5 random-04        137.2       24.8      0.3        35.0  1.00      16.6  0.00  0.00  -62.2 met
  188.6 random-04        122.2       34.5     34.2        41.3  1.00      19.4  0.00  0.00  -38.4 SHORT
  189.6 random-04        103.1       58.6     58.3        35.7  1.00      10.5  0.00  0.00  -11.7 SHORT
  190.6 random-04         88.9       40.7     35.7        26.3  1.00      16.3  0.00  0.00    0.9 SHORT
  191.6 random-04         79.6       17.1      0.1        61.5  1.00      21.9  0.00  0.00   18.5 SHORT
  192.6 random-04        103.2       37.9     -0.1        32.7  1.00      11.3  0.00  0.00   26.9 met
  193.6 random-04        138.5       39.3      0.5        30.4  1.00      43.6  0.00  0.00   22.2 met
  194.6 random-04        177.7       82.6     79.8        14.0  1.00      16.2  0.00  0.00   24.6 SHORT
  195.6 random-04        213.8       59.2     59.1         0.8  1.00      15.9  0.00  0.00   26.3 SHORT
  196.6 random-04        230.5       29.9     29.7         0.8  1.00      20.8  0.00  0.00   27.1 SHORT
  197.6 random-04        234.6       54.3     47.4        44.3  1.00      26.4  0.00  0.00   40.9 met
  198.6 random-04        263.8       49.9     41.5        59.0  1.00      21.2  0.00  0.00   50.8 SHORT
  199.7 random-04        288.8       23.1     14.6        60.4  1.00       9.9  0.00  0.00   41.7 SHORT
  200.7 random-04        301.0       23.6    -14.4        60.4  1.00      19.3  0.00  0.00   45.7 met
  201.7 random-04        298.9       12.8     -1.5        40.3  1.00      13.8  0.00  0.00   55.7 SHORT
  202.7 random-04        299.1       30.0     -1.9        40.1  1.00       9.8  0.00  0.00   50.8 met
  203.7 random-04        308.6       34.0    -19.0         7.4  1.00      18.7  0.00  0.00   43.3 SHORT
  204.7 random-04        297.0       42.8    -25.1        41.9  1.00      20.4  0.00  0.00   46.1 SHORT
  205.7 random-04        295.1        3.0     -1.3        77.0  1.00       8.2  0.00  0.00   25.2 met
  206.7 random-05        291.4        4.2      0.1        81.5  1.00      34.5  0.00  0.00   14.5 SHORT
  207.7 random-05        290.4       14.8      1.7        82.0  1.00      10.4  0.00  0.00   13.4 met
  208.7 random-05        296.8       76.3     75.5        78.6  1.00      12.4  0.00  0.00   31.4 SHORT
  209.7 random-05        348.9      122.2    122.1        37.2  1.00      26.4  0.00  0.00   34.6 SHORT
  210.7 random-05        420.3       94.0     93.8        16.6  1.00      27.7  0.00  0.00   38.9 SHORT
  211.7 random-05        487.3       92.9     91.2        25.8  1.00      45.7  0.00  0.00   34.8 SHORT
  212.7 random-05        549.3       87.5     80.2        32.2  1.00      21.0  0.00  0.00   26.2 SHORT
  213.8 random-05        627.6      158.9    158.1        39.3  1.00      18.7  0.00  0.00   29.7 met
  214.8 random-05        716.7      213.4    212.3        61.2  1.00      28.1  0.00  0.00   28.0 met
  215.8 random-05        812.6      215.7    214.6        61.2  1.00      16.5  0.00  0.00   22.8 met
  216.8 random-05        902.8      202.5    202.5         5.7  1.00      23.3  0.00  0.00   21.4 SHORT
  217.8 random-05        969.7      181.7    181.1        68.7  1.00      23.5  0.00  0.00   23.6 SHORT
  218.8 random-05        991.8      154.9    154.3        78.2  1.00      17.4  0.00  0.00   29.9 SHORT
  219.8 random-05        849.1      129.0    124.1        78.3  1.00      41.6  0.00  0.00   29.0 SHORT
  220.8 random-05        832.0       96.8     96.6        62.3  1.00      19.1  0.00  0.00   33.5 SHORT
  221.9 random-05        880.2       68.4     66.9         0.1  1.00      29.0  0.00  0.00   33.9 SHORT
  222.9 random-05        847.2       39.3     36.0         0.0  1.00      24.5  0.00  0.00   33.9 SHORT
  223.9 random-05        821.9       49.6     49.3        48.5  1.00      13.4  0.00  0.00   36.0 SHORT
  224.9 random-05        864.0       91.0     90.7        67.7  1.00      18.6  0.00  0.00   44.2 SHORT
  225.9 random-05        901.6      125.3    124.6        82.6  1.00      11.1  0.00  0.00   42.8 SHORT
  226.9 random-05       1035.4      169.3    169.2        12.4  1.00      28.2  0.00  0.00   34.8 met
  227.9 random-05       1102.9      170.7    170.6        12.3  1.00      34.8  0.00  0.00   28.5 met
  228.9 random-05       1140.8      146.4    146.2        43.9  1.00      11.7  0.00  0.00   25.3 SHORT
  230.0 random-05       1184.7      118.3    118.0        44.3  1.00      30.8  0.00  0.00   17.3 SHORT
  231.0 random-05       1295.8      134.4    134.4         6.8  1.00      23.5  0.00  0.00   11.3 SHORT
  232.0 random-06       1403.3      110.4    109.0        10.5  1.00      21.6  0.00  0.00   12.6 SHORT
  233.0 random-06       1470.2       86.4     84.4        13.4  1.00      19.6  0.00  0.00   10.3 SHORT
  234.0 random-06       1484.4       59.8     58.6        21.8  1.00       6.8  0.00  0.00   10.2 SHORT
  235.0 random-06       1511.8       44.3     34.3        26.0  1.00       8.5  0.00  0.00   25.3 SHORT
  236.0 random-06       1556.6       33.3      8.2        29.4  1.00       6.6  0.00  0.00   52.0 SHORT
  237.0 random-06       1576.3       30.5      1.8        29.4  1.00       7.6  0.00  0.00   71.3 SHORT
  238.0 random-06       1578.4       13.4      1.0        49.9  1.00       5.4  0.00  0.00   41.0 SHORT
  239.0 random-06       1572.9       21.0     -3.6        79.9  1.00       5.8  0.00  0.00   22.8 SHORT
  240.0 random-06       1560.1        7.9     -7.8        35.1  1.00      12.5  0.00  0.00   14.2 SHORT
  241.0 random-06       1589.6       72.8     72.6        21.8  1.00      11.5  0.00  0.00   39.5 SHORT
  242.0 random-06       1667.0      133.3    133.0        28.8  1.00      16.2  0.00  0.00   42.4 SHORT
  243.1 random-06       1703.6      102.5    102.3        59.0  1.00      12.8  0.00  0.00   34.1 SHORT
  244.1 random-06       1718.4       75.1     73.1        65.1  1.00      12.3  0.00  0.00   37.6 SHORT
  245.1 random-06       1750.1       47.0     41.6        65.1  1.00       7.8  0.00  0.00   40.8 SHORT
  246.1 random-06       1766.8       24.8     12.4        95.0  1.00       5.6  0.00  0.00   63.6 SHORT
  247.1 random-06       1754.5       24.6    -22.3        54.8  1.00      14.9  0.00  0.00   82.8 SHORT
  248.1 random-06       1722.2       37.5    -37.5        55.4  1.00      12.2  0.00  0.00   82.9 met
  249.1 random-06       1688.2       37.8    -37.8        55.4  1.00       6.8  0.00  0.00   82.9 met
  250.1 random-06       1670.7        4.8     -4.6        97.4  1.00       8.7  0.00  0.00   57.1 met
  251.1 random-06       1668.4        3.5     -3.4        97.4  1.00       7.4  0.00  0.00   37.8 met
  252.1 random-06       1691.0       58.6     58.1         5.6  1.00       9.6  0.00  0.00   43.7 SHORT
  253.1 random-06       1747.6       47.8     31.4        79.0  1.00       9.8  0.00  0.00   41.4 SHORT
  254.1 random-06       1770.8       30.8      9.8        22.2  1.00       7.0  0.00  0.00   45.3 SHORT
  255.1 random-06       1769.4       32.7    -10.9        22.3  1.00      13.4  0.00  0.00   39.2 SHORT
  256.1 random-06       1725.9       50.4    -37.8        46.2  1.00      10.9  0.00  0.00   42.3 SHORT
  257.1 random-07       1713.7       36.2     36.0        26.5  1.00      11.7  0.00  0.00   48.8 SHORT
  258.1 random-07       1824.5      102.8    102.7        12.5  1.00      14.7  0.00  0.00   46.4 SHORT
  259.1 random-07       1903.2       71.9     71.8        34.5  1.00      19.9  0.00  0.00   47.1 SHORT
  260.1 random-07       1950.5       46.1     39.6        36.7  1.00      10.6  0.00  0.00   46.0 SHORT
  261.1 random-07       1977.0        9.7      7.5         8.2  1.00       6.7  0.00  0.00   50.1 met
  262.2 random-07       1982.0       26.0     25.9        70.1  1.00      12.9  0.00  0.00   40.8 SHORT
  263.2 random-07       1984.2      107.1    107.0        48.7  1.00      13.5  0.00  0.00   16.1 SHORT
  264.2 random-07       1917.8      121.6    120.9        69.5  1.00      19.4  0.00  0.00   17.8 SHORT
  265.2 random-07       1864.9       93.6     92.6        70.7  1.00      19.5  0.00  0.00   23.1 SHORT
  266.2 random-07       1860.2       63.8     62.4        71.8  1.00       7.9  0.00  0.00   13.8 SHORT
  267.2 random-07       1831.8       43.6     34.8         0.4  1.00       7.6  0.00  0.00    5.0 SHORT
  268.2 random-07       1786.8       46.3      7.8         0.0  1.00       7.5  0.00  0.00    5.0 SHORT
  269.2 random-07       1759.8       46.8      0.1         0.0  1.00       7.6  0.00  0.00    5.0 met
  270.2 random-07       1745.3       33.8     -1.4        66.9  1.00       8.4  0.00  0.00    1.6 SHORT
  271.2 random-07       1764.1       23.2     -1.2        66.8  1.00       9.7  0.00  0.00   -9.9 SHORT
  272.2 random-07       1781.1       33.7      0.7        39.5  1.00       8.0  0.00  0.00  -15.2 met
  273.2 random-07       1797.8       35.8      4.0        53.9  1.00       8.4  0.00  0.00    1.7 met
  274.2 random-07       1832.0       25.6      1.8        42.9  1.00       7.9  0.00  0.00   22.0 SHORT
  275.2 random-07       1844.0       12.0     -0.1        11.8  1.00       8.5  0.00  0.00    8.9 met
  276.2 random-07       1853.5       13.9     -0.0        13.3  1.00       8.1  0.00  0.00    8.9 met
  277.2 random-07       1861.8       13.1    -12.6        55.2  1.00       8.8  0.00  0.00   30.0 SHORT
  278.2 random-07       1844.3       27.6    -27.1        45.4  1.00       7.2  0.00  0.00   80.4 met
  279.2 random-07       1836.3       29.4     26.4        45.9  1.00       5.5  0.00  0.00   60.9 SHORT
  280.3 random-07       1886.9      103.7    100.2        31.1  1.00      12.0  0.00  0.00   38.2 SHORT
  281.3 random-08       1986.0      109.8    107.9        20.7  1.00      20.8  0.00  0.00   33.2 SHORT
  282.3 random-08       2211.8       78.0     75.4        57.4  1.00      21.6  0.00  0.00   25.3 SHORT
  283.3 random-08       2308.1       60.5     58.2        20.2  1.00      14.7  0.00  0.00    8.9 SHORT
  284.3 random-08       2352.8       81.4     81.4        45.8  1.00      11.7  0.00  0.00    8.2 SHORT
  285.3 random-08       2350.3       56.3     55.4        19.9  1.00      10.1  0.00  0.00   -2.4 SHORT
  286.3 random-08       2345.2       29.8     27.9        29.7  1.00       9.5  0.00  0.00  -27.4 SHORT
  287.3 random-08       2344.3       81.4     73.9        28.7  1.00      19.6  0.00  0.00  -26.9 SHORT
  288.3 random-08       2320.0      101.2     98.9        48.7  1.00      21.6  0.00  0.00  -19.3 SHORT
  289.3 random-08       2315.8      120.1    119.4         9.7  1.00      25.1  0.00  0.00  -13.0 SHORT
  290.3 random-08       2304.0      138.5    136.9        14.2  1.00      20.1  0.00  0.00  -10.5 met
  291.3 random-08       2285.4      139.0    137.3        14.2  1.00      23.6  0.00  0.00   -8.3 met
  292.4 random-08       2191.1      122.9    122.7         0.0  1.00      20.0  0.00  0.00   -7.5 SHORT
  293.4 random-08       2197.9      104.2    100.5        77.1  1.00      19.4  0.00  0.00   -7.5 SHORT
  294.4 random-08       2161.7       84.0     78.2        37.6  1.00      17.2  0.00  0.00   -7.5 SHORT
  295.4 random-08       2150.5       91.0     87.4        54.7  1.00      18.9  0.00  0.00   -7.5 SHORT
  296.4 random-08       2203.9       97.9     97.8         0.9  1.00      13.7  0.00  0.00   -7.5 SHORT
  297.4 random-08       2277.1       80.3     75.6        62.4  1.00      18.5  0.00  0.00   -8.9 SHORT
  298.4 random-08       2312.1       47.7     44.5        26.9  1.00       9.9  0.00  0.00  -22.1 SHORT
  299.4 random-08       2293.8       22.5     22.3        49.6  1.00      12.0  0.00  0.00  -52.3 SHORT
  300.4 random-08       2279.2       12.3      9.4        53.3  1.00      17.2  0.00  0.00  -70.1 SHORT
  301.4 random-08       2277.2        0.4      0.3        44.1  1.00       8.0  0.00  0.00  -38.5 met
  302.4 random-08       2277.1        0.0     -0.0        44.1  1.00       7.9  0.00  0.00   -0.1 met
  303.4 random-08       2283.5       57.6     57.3        39.7  1.00       9.9  0.00  0.00   17.3 SHORT
  304.4 random-08       2273.7      138.5    135.6         9.4  1.00       8.3  0.00  0.00   28.8 SHORT
  305.4 random-08       2168.9      217.3    217.0         0.3  1.00      15.3  0.00  0.00   33.2 SHORT
  306.5 random-09       2281.7      270.4    270.1        34.2  1.00      42.6  0.00  0.00   33.0 SHORT
  307.5 random-09       2170.7      269.5    269.4        40.4  1.00      17.4  0.00  0.00   29.8 met
  308.5 random-09       2235.1      264.6    264.5         7.5  1.00       6.3  0.00  0.00   26.3 SHORT
  309.5 random-09       2226.3      243.7    243.3         4.9  1.00      10.3  0.00  0.00   29.7 SHORT
  310.5 random-09       2189.3      226.7    224.4         5.2  1.00       5.9  0.00  0.00   34.5 SHORT
  311.5 random-09       2166.2      202.0    202.0        16.0  1.00      18.2  0.00  0.00   38.8 SHORT
  312.5 random-09       2146.6      172.2    172.0        72.9  1.00      14.6  0.00  0.00   34.9 SHORT
  313.5 random-09       2096.4      145.3    145.2        74.4  1.00      29.2  0.00  0.00   31.9 SHORT
  314.5 random-09       2031.6      115.7    115.6        74.6  1.00      17.8  0.00  0.00   37.9 SHORT
  315.5 random-09       2001.2       84.3     83.5        76.5  1.00      40.0  0.00  0.00   44.8 SHORT
  316.6 random-09       1977.0       75.5     72.9        18.9  1.00      10.9  0.00  0.00   37.0 SHORT
  317.6 random-09       1892.1      117.7    115.7        10.2  1.00      10.0  0.00  0.00   48.5 met
  318.6 random-09       1832.8      118.8    116.8        10.0  1.00      25.9  0.00  0.00   58.5 met
  319.6 random-09       1818.3      108.8    107.4         9.5  1.00      15.2  0.00  0.00   66.1 SHORT
  320.6 random-09       1832.0       72.9     72.0        15.2  1.00      24.2  0.00  0.00   59.6 SHORT
  321.6 random-09       1846.1       45.6     37.5         7.3  1.00       6.5  0.00  0.00   55.4 SHORT
  322.6 random-09       1849.6       25.9      3.6        47.3  1.00       6.5  0.00  0.00   54.5 SHORT
  323.6 random-09       1843.9       13.2    -10.6        98.6  1.00      10.2  0.00  0.00   23.5 met
  324.6 random-09       1863.0       12.8    -10.7        98.6  1.00       7.8  0.00  0.00   37.1 met
  325.6 random-09       1879.5       23.6    -20.9        38.5  1.00       9.1  0.00  0.00   65.9 met
  326.6 random-09       1884.2       35.5    -25.2        33.8  1.00       8.5  0.00  0.00   29.9 met
  327.6 random-09       1903.7        8.6     -0.6        61.9  1.00      10.8  0.00  0.00  -12.5 SHORT
  328.6 random-09       1897.6       27.7     -3.1        36.5  1.00       8.7  0.00  0.00  -60.2 met
  329.6 random-09       1835.1       30.9     -3.8        36.3  1.00       8.6  0.00  0.00  -73.7 met
  330.6 random-09       1769.2       16.9      0.1        42.6  1.00       8.2  0.00  0.00  -64.1 SHORT
  331.6 random-10       1789.6       17.3     -7.3         1.2  1.00       7.7  0.00  0.00  -75.2 SHORT
  332.6 random-10       1816.3       33.8    -23.6         0.0  1.00       7.8  0.00  0.00  -75.2 SHORT
  333.6 random-10       1815.9       23.0     -7.3        18.5  1.00       7.4  0.00  0.00  -75.2 SHORT
  334.7 random-10       1755.0       93.3     88.4        20.7  1.00      14.8  0.00  0.00  -75.2 SHORT
  335.7 random-10       1704.5       89.5     88.8        13.1  1.00      10.2  0.00  0.00  -75.9 SHORT
  336.7 random-10       1692.1      124.5    123.5        55.1  1.00      12.7  0.00  0.00  -72.0 SHORT
  337.7 random-10       1574.1      214.4    213.7        56.8  1.00      25.8  0.00  0.00  -71.5 SHORT
  338.7 random-10       1409.0      210.1    210.0        57.1  1.00      16.8  0.00  0.00  -67.7 SHORT
  339.7 random-10       1251.0      200.8    200.3         7.1  1.00      17.4  0.00  0.00  -62.9 SHORT
  340.7 random-10       1075.4      190.6    188.2        26.8  1.00      17.2  0.00  0.00  -65.8 SHORT
  341.7 random-10        898.6      185.0    179.3        25.9  1.00      22.5  0.00  0.00  -70.4 SHORT
  342.7 random-10        759.7      172.3    167.2        56.0  1.00      11.8  0.00  0.00  -71.0 SHORT
  343.7 random-10        618.5      163.3    157.8        55.8  1.00      19.7  0.00  0.00  -71.0 SHORT
  344.7 random-10        403.2      155.3    147.7        72.4  1.00      24.2  0.00  0.00  -70.6 SHORT
  345.7 random-10        112.5      138.2    126.1        83.8  1.00      23.3  0.00  0.00  -66.4 SHORT
  346.7 random-10          1.4        0.5     -0.2        83.9  1.00      15.2  0.00  0.00  -70.6 met
  347.8 random-10          1.7        4.1     -4.1        52.1  1.00      50.7  0.00  0.00  -71.1 SHORT
  348.8 random-10         20.7       20.7    -20.3        61.8  1.00      33.2  0.00  0.00  -33.5 SHORT
  349.8 random-10         87.2       28.8    -28.3        54.2  1.00       9.3  0.00  0.00   -4.1 met
  350.8 random-10         97.1       33.5     -1.9         7.4  1.00      31.2  0.00  0.00   -0.3 SHORT
  351.8 random-10         26.3       42.4      1.1        67.6  1.00      17.4  0.00  0.00    6.5 SHORT
  352.8 random-10          1.4        0.2      0.2        80.9  1.00      30.2  0.00  0.00    3.9 SHORT
  353.8 random-10          1.4        2.3     -0.6        80.9  1.00       7.5  0.00  0.00  -39.6 SHORT
  354.9 random-10          3.2       14.7     -1.2        89.5  1.00       7.1  0.00  0.00  -62.3 SHORT
  355.9 random-10         26.9       28.4     -4.0        44.6  1.00       6.3  0.00  0.00  -31.6 met
  356.9 random-11         36.7        5.0     -0.5         0.2  1.00       6.7  0.00  0.00  -17.7 met
  357.9 random-11         37.0        0.1      0.0         0.0  1.00       6.1  0.00  0.00  -17.7 met
  358.9 random-11         37.0       17.4      0.0        24.0  1.00       6.9  0.00  0.00  -16.4 met
  359.9 random-11         34.4       25.2      0.0        25.1  1.00       8.0  0.00  0.00  -10.1 met
  360.9 random-11         48.7       31.1      0.2        62.5  1.00      10.4  0.00  0.00  -10.8 SHORT
  361.9 random-11         78.6        9.5      0.5        14.8  1.00      11.0  0.00  0.00  -13.4 SHORT
  362.9 random-11         79.5        0.2      0.0        14.9  1.00      10.1  0.00  0.00  -11.0 met
  363.9 random-11         79.5        0.0     -0.0        14.9  1.00       9.8  0.00  0.00   -7.9 met
  364.9 random-11         81.3       52.2     47.7        25.1  1.00       9.6  0.00  0.00  -10.1 SHORT
  365.9 random-11         73.2       78.9     69.3        15.8  1.00      18.3  0.00  0.00  -13.4 SHORT
  366.9 random-11         40.8       70.3     52.2        16.4  1.00      24.8  0.00  0.00  -14.9 SHORT
  367.9 random-11          7.0       46.3     28.5        52.6  1.00      11.9  0.00  0.00   -6.0 SHORT
  368.9 random-11          1.4        5.9      5.4        50.1  1.00      10.5  0.00  0.00  -13.8 SHORT
  369.9 random-11          1.4        4.5      2.9        55.0  1.00      10.7  0.00  0.00  -32.2 SHORT
  370.9 random-11         33.1       77.6     71.2        24.7  1.00       9.7  0.00  0.00  -19.4 SHORT
  372.0 random-11        276.1      160.2    159.8        72.8  1.00      15.3  0.00  0.00  -16.6 SHORT
  373.0 random-11        616.2      235.3    233.7        72.9  1.00      22.8  0.00  0.00  -16.6 SHORT
  374.0 random-11        887.6      238.0    236.5        19.8  1.00      17.0  0.00  0.00  -16.9 SHORT
  375.0 random-11       1052.0      219.7    219.6         1.1  1.00      21.3  0.00  0.00  -18.7 SHORT
  376.0 random-11       1062.8      198.3    198.0         0.0  1.00      23.8  0.00  0.00  -18.7 SHORT
  377.0 random-11       1158.4      178.8    177.9         7.4  1.00      18.8  0.00  0.00  -17.3 SHORT
  378.0 random-11       1207.6      161.5    159.0         8.4  1.00      24.5  0.00  0.00  -10.6 SHORT
  379.0 random-11       1186.6      142.2    138.3         9.2  1.00       7.8  0.00  0.00   -3.1 SHORT
  380.0 random-11       1194.7      116.1    114.8        10.0  1.00      22.3  0.00  0.00   -2.0 SHORT
  381.1 random-11       1257.5       91.2     90.0        12.6  1.00      17.1  0.00  0.00   -4.0 SHORT
  382.1 random-12       1256.8       69.2     60.7        17.9  1.00      22.0  0.00  0.00  -13.4 SHORT
  383.1 random-12       1234.1       44.2     29.3        26.2  1.00      21.3  0.00  0.00  -28.1 SHORT
  384.1 random-12       1202.9       13.1      3.0        39.7  1.00      14.8  0.00  0.00  -30.2 SHORT
  385.1 random-12       1205.2       13.9     -0.8        42.0  1.00      15.6  0.00  0.00    3.4 met
  386.1 random-12       1211.3       11.4     -8.1        21.4  1.00      10.7  0.00  0.00   37.6 SHORT
  387.1 random-12       1195.9       16.2    -10.9        24.7  1.00       9.5  0.00  0.00   41.6 SHORT
  388.1 random-12       1188.4        6.0     -5.9        27.5  1.00       8.6  0.00  0.00   36.1 met
  389.1 random-12       1184.2       42.8     42.7        36.2  1.00       7.2  0.00  0.00    7.5 SHORT
  390.1 random-12       1121.3      113.8    112.1         7.2  1.00      23.6  0.00  0.00   -7.6 SHORT
  391.2 random-12       1067.3      121.5    116.4         7.4  1.00      23.8  0.00  0.00   -7.6 met
  392.2 random-12       1036.1      113.1    111.1         8.6  1.00      26.7  0.00  0.00   -8.6 SHORT
  393.2 random-12        921.5       89.6     89.2        12.9  1.00      20.9  0.00  0.00  -17.5 SHORT
  394.2 random-12        873.1       67.1     66.8        17.0  1.00      16.1  0.00  0.00  -28.5 SHORT
  395.2 random-12        843.7       48.4     44.5        23.5  1.00       9.7  0.00  0.00  -38.9 SHORT
  396.2 random-12        805.6       39.9     17.8        28.9  1.00      21.3  0.00  0.00  -42.4 SHORT
  397.2 random-12        772.6       30.7     -1.6        12.1  1.00      14.2  0.00  0.00  -33.3 SHORT
  398.2 random-12        752.3       17.3     -1.0        12.9  1.00      14.8  0.00  0.00  -21.4 SHORT
  399.2 random-12        740.8       40.7     40.6        50.5  1.00      11.2  0.00  0.00  -13.5 SHORT
  400.2 random-12        728.3      131.8    130.9        51.8  1.00      21.8  0.00  0.00  -13.4 SHORT
  401.2 random-12        672.3      169.6    169.5        29.4  1.00      22.6  0.00  0.00  -15.2 SHORT
  402.2 random-12        584.3      152.2    151.9        28.2  1.00      14.2  0.00  0.00  -22.2 SHORT
  403.3 random-12        511.5      133.5    132.3        14.0  1.00      24.1  0.00  0.00  -25.2 SHORT
  404.3 random-12        439.3      116.8    110.1         9.8  1.00      27.2  0.00  0.00  -20.5 SHORT
  405.3 random-12        355.5       99.5     83.7        11.7  1.00      16.9  0.00  0.00   -9.8 SHORT
  406.3 random-13        292.9       80.5     62.5        11.1  1.00      18.0  0.00  0.00    0.3 SHORT
  407.3 random-13        219.4       61.5     44.5        11.5  1.00      12.9  0.00  0.00   -2.5 SHORT
  408.3 random-13        161.8       37.2     27.0        11.5  1.00      11.9  0.00  0.00   -5.4 SHORT
  409.3 random-13        158.2       43.8     40.7         0.1  1.00      10.0  0.00  0.00   -6.9 SHORT
  410.3 random-13        161.2       55.6     44.4         0.0  1.00       8.9  0.00  0.00   -6.9 met
  411.3 random-13        202.6       98.8     92.6        33.0  1.00      19.4  0.00  0.00    0.3 SHORT
  412.3 random-13        311.3      181.3    178.1        31.3  1.00      37.4  0.00  0.00    9.7 SHORT
  413.3 random-13        440.2      204.2    204.1         5.7  1.00      15.5  0.00  0.00   10.6 SHORT
  414.3 random-13        522.1      178.6    178.0         6.5  1.00      16.5  0.00  0.00    5.9 SHORT
  415.4 random-13        614.9      156.1    155.1         5.3  1.00      19.7  0.00  0.00    1.2 SHORT
  416.4 random-13        650.5      133.5    132.0         8.7  1.00      39.2  0.00  0.00    7.0 SHORT
  417.4 random-13        687.4      132.1    130.6         9.7  1.00      30.6  0.00  0.00   13.0 SHORT
  418.4 random-13        686.4      220.1    216.2         5.8  1.00      32.9  0.00  0.00   11.7 SHORT
  419.4 random-13        723.0      192.6    190.1         6.1  1.00      28.8  0.00  0.00   16.1 SHORT
  420.4 random-13        849.4      165.5    163.7         7.0  1.00      27.6  0.00  0.00   22.4 SHORT
  421.4 random-13        884.6      144.4    139.7         8.1  1.00      16.8  0.00  0.00   25.2 SHORT
  422.4 random-13        897.7      121.5    115.6         9.6  1.00      14.9  0.00  0.00   25.9 SHORT
  423.5 random-13        877.3      132.8    128.6         0.9  1.00      18.6  0.00  0.00   26.2 SHORT
  424.5 random-13        852.1      206.9    202.2         3.0  1.00      28.9  0.00  0.00   26.9 SHORT
  425.5 random-13        860.1      174.2    169.5         6.7  1.00      24.9  0.00  0.00   28.3 SHORT
  426.5 random-13        921.8      145.5    139.9         7.9  1.00      25.6  0.00  0.00   29.5 SHORT
  427.5 random-13        942.1      166.1    163.4        31.5  1.00      22.6  0.00  0.00   30.0 SHORT
  428.5 random-13        964.4      160.1    159.7         7.1  1.00      26.9  0.00  0.00   30.0 SHORT
  429.5 random-13       1078.8      135.8    134.8         8.6  1.00      15.4  0.00  0.00   29.9 SHORT
  430.5 random-13       1116.5      114.7    110.5        10.1  1.00      28.3  0.00  0.00   29.0 SHORT
  431.6 random-14       1196.6       83.1     83.0        23.9  1.00      37.9  0.00  0.00   30.4 SHORT
  432.6 random-14       1296.6       57.2     54.8        25.6  1.00      34.6  0.00  0.00   30.5 SHORT
  433.6 random-14       1352.2       39.4     24.5        25.6  1.00      18.7  0.00  0.00   30.5 SHORT
  434.6 random-14       1443.5       78.3     77.1        34.4  1.00      16.1  0.00  0.00   30.5 SHORT
  435.6 random-14       1656.7      130.4    130.4        34.4  1.00      23.4  0.00  0.00   30.4 met
  436.6 random-14       1723.1      119.7    118.1         9.5  1.00      20.0  0.00  0.00   29.2 SHORT
  437.6 random-14       1779.1       87.7     83.8        12.9  1.00      30.9  0.00  0.00   24.4 SHORT
  438.7 random-14       1799.1       62.0     50.5        15.9  1.00      18.1  0.00  0.00   36.2 SHORT
  439.7 random-14       1796.6       34.9      8.3         3.5  1.00       7.1  0.00  0.00   48.9 SHORT
  440.7 random-14       1793.4        7.2     -0.1         0.0  1.00       7.1  0.00  0.00   49.2 SHORT
  441.7 random-14       1801.7       14.4     -0.3         0.0  1.00       7.5  0.00  0.00   49.2 met
  442.7 random-14       1803.4        6.6     -0.8         3.6  1.00       7.0  0.00  0.00   51.7 met
  443.7 random-14       1796.8       23.0     -9.6        42.3  1.00       9.8  0.00  0.00   56.8 SHORT
  444.7 random-14       1764.6       46.0    -17.7        26.4  1.00      15.2  0.00  0.00   48.1 met
  445.7 random-14       1732.5       26.0     -1.2        66.9  1.00       9.9  0.00  0.00   39.7 SHORT
  446.7 random-14       1714.4       20.0    -19.0        75.3  1.00       7.6  0.00  0.00   46.0 met
  447.7 random-14       1694.8       21.5    -20.5        75.4  1.00       6.4  0.00  0.00   58.1 met
  448.7 random-14       1676.9       25.9      2.8        54.2  1.00       8.1  0.00  0.00   27.3 met
  449.7 random-14       1658.7       27.3      3.9        49.8  1.00      10.2  0.00  0.00  -17.3 met
  450.7 random-14       1629.4       90.2     88.1        28.8  1.00      11.2  0.00  0.00   -8.9 SHORT
  451.7 random-14       1616.2       64.2     64.0        70.5  1.00      10.3  0.00  0.00   -1.5 SHORT
  452.7 random-14       1616.4       38.6     38.6         0.1  1.00      12.8  0.00  0.00    3.5 SHORT
  453.7 random-14       1618.2       12.8     12.6         0.0  1.00       7.5  0.00  0.00    3.5 SHORT
  454.8 random-14       1620.4        8.4     -8.1         0.0  1.00       8.2  0.00  0.00    3.5 met
  455.8 random-14       1621.8        0.3     -0.3        24.6  1.00       8.8  0.00  0.00    3.5 met
  456.8 random-15       1619.8       13.5      0.0        81.4  1.00       9.0  0.00  0.00    3.5 SHORT
  457.8 random-15       1623.8       26.4      0.0        82.6  1.00       8.4  0.00  0.00    3.5 SHORT
  458.8 random-15       1648.6       28.1      0.0        82.6  1.00       9.7  0.00  0.00    3.5 SHORT
  459.8 random-15       1673.8       38.9    -12.6        20.6  1.00       8.6  0.00  0.00   -9.5 SHORT
  460.8 random-15       1681.6       13.8     -8.9        27.8  1.00       7.8  0.00  0.00  -36.1 met
  461.8 random-15       1680.2       18.3     -1.9        76.7  1.00       9.2  0.00  0.00  -43.7 met
  462.8 random-15       1669.1       14.3     -5.3        33.8  1.00       8.3  0.00  0.00  -27.4 SHORT
  463.8 random-15       1668.1        5.7     -5.7        36.1  1.00       9.8  0.00  0.00  -19.3 met
  464.8 random-15       1672.1        5.7     -5.6        36.1  1.00       8.8  0.00  0.00   -4.3 met
  465.8 random-15       1668.3       18.3     -3.1        46.4  1.00      15.7  0.00  0.00    5.3 met
  466.8 random-15       1652.3       36.1     31.7        37.2  1.00      15.5  0.00  0.00    8.4 SHORT
  467.8 random-15       1637.8       48.6     37.6        38.4  1.00      12.5  0.00  0.00   18.8 met
  468.8 random-15       1653.7       48.9     37.7        38.4  1.00       7.6  0.00  0.00   29.9 met
  469.8 random-15       1691.8       89.9     89.8        61.1  1.00       9.6  0.00  0.00   40.5 SHORT
  470.8 random-15       1769.3      169.5    167.7        60.2  1.00      23.1  0.00  0.00   49.9 SHORT
  471.8 random-15       1908.7      228.6    227.2        59.9  1.00      17.5  0.00  0.00   50.5 met
  472.9 random-15       1976.3      211.3    210.4         5.5  1.00      24.9  0.00  0.00   46.4 SHORT
  473.9 random-15       2011.2      186.7    186.3         6.2  1.00      81.6  0.00  0.00   41.3 SHORT
  474.9 random-15       1946.2      155.2    154.9         7.5  1.00      39.9  0.00  0.00   35.2 SHORT
  475.9 random-15       1815.6      163.4    163.3        12.0  1.00      17.3  0.00  0.00   33.8 SHORT
  476.9 random-15       1673.2      136.3    136.1        13.4  1.00      16.0  0.00  0.00   40.9 SHORT
  477.9 random-15       1734.3      109.1    107.4        48.2  1.00      25.2  0.00  0.00   49.2 SHORT
  478.9 random-15       1747.8       83.0     75.0        54.3  1.00      17.5  0.00  0.00   60.8 SHORT
  479.9 random-15       1786.8       47.3     30.0        77.6  1.00      24.4  0.00  0.00   58.7 SHORT
  480.9 random-15       1833.1       38.7     17.3        80.1  1.00      11.1  0.00  0.00   32.3 met
  481.9 random-16       1829.5       79.9     69.7        17.7  1.00      31.1  0.00  0.00   11.3 SHORT
  483.0 random-16       1689.5      136.5    127.7         8.9  1.00      19.9  0.00  0.00   -0.2 SHORT
  484.0 random-16       1512.4      139.5    130.7         8.5  1.00      16.7  0.00  0.00   -8.8 SHORT
  485.0 random-16       1351.6      113.8    108.8        10.1  1.00      19.8  0.00  0.00  -13.6 SHORT
  486.0 random-16       1284.1       97.6     89.3         9.8  1.00      16.1  0.00  0.00  -10.7 SHORT
  487.0 random-16       1224.0       76.7     64.5        50.3  1.00      19.1  0.00  0.00   -5.1 SHORT
  488.0 random-16       1158.7       54.6     27.4        57.7  1.00      17.0  0.00  0.00    2.9 SHORT
  489.0 random-16       1099.5       39.6      1.0        34.3  1.00       9.0  0.00  0.00   11.3 SHORT
  490.0 random-16       1063.4       28.0      0.4        20.5  1.00       7.2  0.00  0.00   42.6 SHORT
  491.0 random-16       1047.2        1.6     -0.7        87.0  1.00       7.7  0.00  0.00   24.9 SHORT
  492.0 random-16       1049.8        2.1      2.0        50.4  1.00       7.4  0.00  0.00   27.3 SHORT
  493.0 random-16       1102.7       85.1     84.7        20.8  1.00      10.6  0.00  0.00   13.2 SHORT
  494.0 random-16       1196.9      119.2    119.0        16.1  1.00      12.5  0.00  0.00    4.7 met
  495.1 random-16       1297.8      190.6    189.6         6.7  1.00      15.5  0.00  0.00    7.0 SHORT
  496.1 random-16       1532.6      235.3    234.1        73.0  1.00      26.2  0.00  0.00   10.9 SHORT
  497.1 random-16       1779.1      217.4    214.3        78.2  1.00      16.4  0.00  0.00    9.1 SHORT
  498.1 random-16       2066.6      189.3    188.0         1.0  1.00      14.8  0.00  0.00    8.5 SHORT
  499.1 random-16       2396.0      164.7    164.3        84.4  1.00      20.2  0.00  0.00   10.4 SHORT
  500.1 random-16       2647.9      141.5    140.9        88.5  1.00      15.2  0.00  0.00   13.9 SHORT
  501.1 random-16       2771.0      119.0    111.7        82.1  1.00      14.6  0.00  0.00   19.3 SHORT
  502.1 random-16       2833.4       87.9     75.1        82.6  1.00      17.8  0.00  0.00   25.8 SHORT
  503.1 random-16       2844.8      131.8    128.5        10.0  1.00      24.1  0.00  0.00   18.2 SHORT
  504.1 random-16       2878.0      150.0    148.5         7.7  1.00      20.9  0.00  0.00   11.7 SHORT
  505.1 random-16       2918.2      161.5    161.2         0.8  1.00      14.1  0.00  0.00    6.5 SHORT
  506.1 random-16       2945.7      199.0    199.0         0.0  1.00      12.7  0.00  0.00    6.4 met
  507.2 random-17       2970.1      200.6    198.9        64.8  1.00      17.0  0.00  0.00    2.1 SHORT
  508.2 random-17       3010.8      202.3    198.6        64.8  1.00      19.2  0.00  0.00   -2.0 met
  509.2 random-17       3003.0      203.1    198.8        64.8  1.00      20.8  0.00  0.00   -0.0 met
  510.2 random-17       2982.4      178.2    177.1         8.6  1.00      19.8  0.00  0.00   -1.1 SHORT
  511.2 random-17       2956.8      158.9    156.4         7.4  1.00      26.2  0.00  0.00   -0.9 SHORT
  512.2 random-17       2927.8      135.5    132.1         9.4  1.00      23.7  0.00  0.00    2.4 SHORT
  513.2 random-17       2908.5      111.4    105.9        16.9  1.00      16.7  0.00  0.00   11.4 SHORT
  514.2 random-17       2900.0       82.6     72.8        19.2  1.00      28.8  0.00  0.00   23.4 SHORT
  515.2 random-17       2906.8      147.4    144.7         8.9  1.00      17.2  0.00  0.00   18.4 SHORT
  516.3 random-17       2925.4      236.9    235.3         5.3  1.00      20.9  0.00  0.00   11.7 SHORT
  517.3 random-17       2939.8      255.2    253.1        49.7  1.00      18.7  0.00  0.00   10.0 SHORT
  518.3 random-17       2962.7      235.7    233.1        51.0  1.00      15.2  0.00  0.00   12.7 SHORT
  519.3 random-17       3014.2      212.8    209.8        40.0  1.00      17.6  0.00  0.00   11.1 SHORT
  520.3 random-17       3047.2      185.9    184.0        75.5  1.00      15.2  0.00  0.00   10.2 SHORT
  521.3 random-17       3067.2      165.3    161.4        90.2  1.00      24.5  0.00  0.00    4.2 SHORT
  522.3 random-17       3048.6      142.5    136.9        90.1  1.00      30.2  0.00  0.00    4.4 SHORT
  523.3 random-17       3035.3      112.1    110.8         4.7  1.00      13.7  0.00  0.00    7.6 SHORT
  524.3 random-17       3034.1       87.7     86.2         4.7  1.00      13.0  0.00  0.00    9.0 SHORT
  525.4 random-17       3036.5      117.8    117.5        11.0  1.00      16.2  0.00  0.00    5.5 SHORT
  526.4 random-17       3045.6      130.1    130.1        59.6  1.00      10.8  0.00  0.00    4.4 SHORT
  527.4 random-17       3051.6      108.1    106.6        80.9  1.00      14.1  0.00  0.00    7.4 SHORT
  528.4 random-17       3043.8       85.8     81.2        81.5  1.00      18.4  0.00  0.00    7.3 SHORT
  529.4 random-17       3044.3      152.1    152.0         8.6  1.00      17.9  0.00  0.00    5.2 SHORT
  530.4 random-17       3058.1      192.2    192.1         6.2  1.00      17.9  0.00  0.00    3.5 met
  531.4 random-18       3070.4      176.4    176.3        20.5  1.00      17.7  0.00  0.00    2.7 SHORT
  532.4 random-18       3085.0      156.3    155.5         0.5  1.00      12.2  0.00  0.00    2.3 SHORT
  533.4 random-18       3089.5      136.3    134.2        85.2  1.00      13.8  0.00  0.00    2.3 SHORT
  534.4 random-18       3071.2      128.0    123.6        30.8  1.00      16.5  0.00  0.00    2.5 met
  535.4 random-18       3048.6      121.7    119.0         9.7  1.00      16.3  0.00  0.00    5.7 SHORT
  536.4 random-18       3043.4      119.3    118.8        10.0  1.00      14.7  0.00  0.00    7.3 SHORT
  537.4 random-18       3045.3       98.6     98.2         5.6  1.00      15.7  0.00  0.00    9.7 SHORT
  538.4 random-18       3060.2       73.2     73.1        42.7  1.00      22.2  0.00  0.00    4.9 SHORT
  539.4 random-18       3066.9       49.1     48.8        46.0  1.00       8.4  0.00  0.00  -13.0 SHORT
  540.4 random-18       3051.3       38.1     26.9        35.4  1.00       8.0  0.00  0.00  -25.5 SHORT
  541.5 random-18       3023.6       12.6     -1.3        49.4  1.00       8.2  0.00  0.00   -7.5 SHORT
  542.5 random-18       3026.6       16.5     -0.3        67.1  1.00       7.6  0.00  0.00   -6.6 met
  543.5 random-18       3020.4       18.4     -0.4        67.2  1.00       7.4  0.00  0.00  -18.8 met
  544.5 random-18       3003.1       22.8     -1.0        43.7  1.00       8.0  0.00  0.00  -13.8 SHORT
  545.5 random-18       2987.2       26.8     -3.5        41.3  1.00       7.5  0.00  0.00    1.0 SHORT
  546.5 random-18       2982.7       26.8     -3.6        41.3  1.00       7.8  0.00  0.00    1.7 SHORT
  547.5 random-18       2989.1       18.9    -18.5        22.2  1.00       7.7  0.00  0.00   -4.7 SHORT
  548.5 random-18       2993.3       42.4    -23.7        22.9  1.00       7.2  0.00  0.00   -4.7 SHORT
  549.5 random-18       3010.4       43.7    -23.8        22.9  1.00       7.9  0.00  0.00   -4.7 SHORT
  550.5 random-18       3025.1       49.8     49.7        19.8  1.00       7.0  0.00  0.00    7.0 SHORT
  551.5 random-18       3044.3       85.6     85.2        14.1  1.00      23.1  0.00  0.00   20.9 SHORT
  552.5 random-18       3081.6      116.5    114.0        10.9  1.00      14.4  0.00  0.00   32.0 SHORT
  553.5 random-18       3151.9      154.4    153.2        31.0  1.00      18.0  0.00  0.00   36.7 SHORT
  554.5 random-18       3227.7      126.8    126.4        32.9  1.00      12.9  0.00  0.00   34.7 SHORT
  555.5 random-18       3307.0       99.7     99.1        48.8  1.00      21.2  0.00  0.00   35.6 SHORT
  556.5 random-19       3366.3       71.2     70.3        63.1  1.00       8.9  0.00  0.00   35.6 SHORT
  557.5 random-19       3398.8       42.4     39.9         0.8  1.00       6.9  0.00  0.00   35.6 SHORT
  558.5 random-19       3417.9       13.4     10.9        35.6  1.00       6.7  0.00  0.00   57.7 SHORT
  559.5 random-19       3415.9       21.5    -17.8        35.7  1.00       7.2  0.00  0.00   86.3 SHORT
  560.5 random-19       3394.0       27.4     -1.2        17.6  1.00       7.1  0.00  0.00   58.5 SHORT
  561.6 random-19       3374.5       31.7      2.0        17.4  1.00       7.4  0.00  0.00   41.0 met
  562.6 random-19       3364.8       13.9      0.1        65.6  1.00       7.7  0.00  0.00   37.7 SHORT
  563.6 random-19       3362.8       22.2      0.0        34.6  1.00       7.5  0.00  0.00   37.7 SHORT
  564.6 random-19       3359.7        0.5      0.0        57.4  1.00       7.4  0.00  0.00   37.7 met
  565.6 random-19       3384.7       72.7     70.3        38.6  1.00       7.5  0.00  0.00   26.1 SHORT
  566.6 random-19       3437.0      152.3    151.0        34.4  1.00      22.9  0.00  0.00   24.3 SHORT
  567.6 random-19       3516.9      185.9    183.9         1.0  1.00      21.1  0.00  0.00   25.8 SHORT
  568.6 random-19       3583.0      210.4    209.2        39.1  1.00      18.4  0.00  0.00   27.8 SHORT
  569.6 random-19       3668.4      207.3    207.2        14.1  1.00      23.4  0.00  0.00   26.0 SHORT
  570.6 random-19       3780.8      267.1    266.1        22.8  1.00      17.7  0.00  0.00   24.2 SHORT
  571.6 random-19       3907.3      294.9    293.9        22.8  1.00      24.1  0.00  0.00   23.0 met
  572.6 random-19       4014.9      276.4    275.1        43.8  1.00      17.0  0.00  0.00   22.3 SHORT
  573.6 random-19       4085.1      254.8    253.2        43.9  1.00      15.6  0.00  0.00   22.3 SHORT
  574.6 random-19       4158.4      234.4    232.5        43.9  1.00      13.5  0.00  0.00   22.3 SHORT
  575.6 random-19       4221.2      216.5    214.6        78.8  1.00      19.5  0.00  0.00   19.2 SHORT
  576.6 random-19       4272.1      188.7    188.0         6.2  1.00      14.7  0.00  0.00   14.7 SHORT
  577.6 random-19       4297.6      165.2    164.4         7.1  1.00      13.4  0.00  0.00    8.3 SHORT
  578.6 random-19       4300.9      144.5    143.9        27.7  1.00      15.8  0.00  0.00    2.3 SHORT
  579.7 random-19       4303.1      118.1    118.0        37.0  1.00      20.3  0.00  0.00    8.7 SHORT
  580.7 random-19       4316.6       95.0     94.3        13.1  1.00      13.2  0.00  0.00   11.0 SHORT
  581.7 random-20       4332.1       85.2     85.2        66.2  1.00      19.3  0.00  0.00    7.2 SHORT
  582.7 random-20       4343.7      126.1    122.8        81.3  1.00      13.4  0.00  0.00    9.1 SHORT
  583.7 random-20       4372.9      155.5    152.6         7.9  1.00      19.8  0.00  0.00   10.2 SHORT
  584.7 random-20       4404.2      147.7    144.7         9.4  1.00      18.6  0.00  0.00   13.4 SHORT
  585.7 random-20       4430.8      130.6    129.5        10.3  1.00      31.4  0.00  0.00   15.1 SHORT
  586.7 random-20       4457.2      105.3    105.2        31.0  1.00      15.9  0.00  0.00   11.3 SHORT
  587.7 random-20       4476.3       79.3     78.1        14.2  1.00      17.0  0.00  0.00    5.5 SHORT
  588.7 random-20       4488.1       51.8     49.5        21.5  1.00       8.8  0.00  0.00  -11.9 SHORT
  589.7 random-20       4479.7       51.2     49.2        53.9  1.00      10.0  0.00  0.00  -16.8 SHORT
  590.7 random-20       4459.4       36.4     32.2        59.6  1.00       9.1  0.00  0.00  -35.6 SHORT
  591.8 random-20       4432.6       24.7     13.9        34.7  1.00       9.0  0.00  0.00  -43.4 SHORT
  592.8 random-20       4413.8       27.7     -6.6        51.0  1.00       9.6  0.00  0.00   -9.9 SHORT
  593.8 random-20       4374.3       43.0     -0.3        61.2  1.00       8.9  0.00  0.00   -7.7 SHORT
  594.8 random-20       4341.4       84.2     81.4        11.5  1.00       9.8  0.00  0.00  -10.2 SHORT
  595.8 random-20       4224.1      133.5    129.8        74.3  1.00      13.6  0.00  0.00  -10.2 met
  596.8 random-20       4133.4      132.6    128.0        18.8  1.00      10.9  0.00  0.00  -10.2 SHORT
  597.8 random-20       4162.1      115.5    111.0         7.0  1.00       7.0  0.00  0.00  -10.2 SHORT
  598.8 random-20       4190.2       91.0     89.5        28.2  1.00      21.7  0.00  0.00  -12.9 SHORT
  599.8 random-20       4170.4       68.1     67.3        31.4  1.00      10.0  0.00  0.00  -22.3 SHORT
  600.8 random-20       4152.1       47.9     45.9         5.9  1.00       9.3  0.00  0.00  -24.2 SHORT
  601.8 random-20       4139.5       29.6     25.5         5.2  1.00       9.8  0.00  0.00  -19.1 SHORT
  602.8 random-20       4133.2       12.8      5.7        74.8  1.00       7.6  0.00  0.00  -23.3 SHORT
  603.8 random-20       4126.5       22.5     -3.0        75.1  1.00       7.3  0.00  0.00  -52.8 SHORT
  604.8 random-20       4133.7       16.3     -4.8        34.5  1.00       6.7  0.00  0.00  -75.5 SHORT
  605.8 random-20       4139.8        5.6     -5.5        38.3  1.00       6.5  0.00  0.00  -64.8 met

legs flown        34 of 34
worst spin        98.6 deg/s (limit 180)
worst speed       299.7 m/s
lowest height     1.4 m
lowest hull       1.00
pulled up         51.3 s
ground hits       5, worst 183 m/s (random sequences; in the script one is a failure)
hitches           0 after the first minute, and 0 capture stalls not counted
frames            46907, 11457 over 16.7 ms, 827 over 33 ms, worst 400.0 ms, 0 hitches over 250 ms after the first minute

stays in one piece: yes
frames in budget:   NO
VERDICT: PASS
